   0,   0,   0,   0,   0,   0,   0,   0,   0
   1, 221, 221, 224, 181, 181, 184,   1,  16
   2, 223, 222, 229, 183, 182, 189,   3,  32
   3, 225, 223, 233, 185, 183, 193,   5,  48
   4, 227, 224, 238, 187, 184, 198,   7,  64
   5, 228, 225, 242, 188, 185, 202,   9,  80
   6, 230, 226, 247, 190, 186, 207,  11,  96
   7, 232, 227, 252, 193, 187, 212,  13, 112
   8, 235, 229, 256, 195, 189, 216,  15, 128
   9, 237, 230, 261, 197, 190, 221,  17, 144
  10, 239, 231, 266, 199, 191, 226,  20, 160
  11, 242, 232, 270, 202, 192, 230,  22, 176
  12, 244, 234, 275, 204, 194, 235,  25, 192
  13, 246, 235, 280, 207, 195, 240,  27, 208
  14, 249, 236, 285, 209, 196, 245,  30, 224
  15, 252, 238, 290, 212, 198, 250,  33, 241
  16, 255, 239, 294, 215, 199, 254,  36, 257
  17, 257, 240, 299, 218, 200, 259,  39, 273
  18, 260, 242, 304, 221, 202, 264,  42, 289
  19, 263, 243, 309, 224, 203, 269,  45, 305
  20, 266, 245, 314, 227, 205, 274,  48, 321
  21, 269, 246, 319, 230, 206, 279,  51, 337
  22, 273, 248, 324, 233, 208, 284,  55, 353
  23, 276, 249, 329, 236, 209, 289,  58, 369
  24, 279, 251, 334, 240, 211, 294,  62, 385
  25, 283, 253, 339, 243, 213, 299,  65, 401
  26, 286, 254, 345, 247, 214, 305,  69, 417
  27, 290, 256, 350, 251, 216, 310,  73, 433
  28, 294, 258, 355, 254, 218, 315,  77, 449
  29, 298, 260, 360, 258, 220, 320,  81, 465
  30, 302, 261, 365, 262, 221, 325,  85, 481
  31, 306, 263, 371, 266, 223, 331,  90, 498
  32, 310, 265, 376, 271, 225, 336,  94, 514
  33, 314, 267, 381, 275, 227, 341,  99, 530
  34, 319, 269, 387, 280, 229, 347, 103, 546
  35, 323, 271, 392, 284, 231, 352, 108, 562
  36, 328, 273, 398, 289, 233, 358, 113, 578
  37, 333, 275, 403, 294, 235, 363, 118, 594
  38, 338, 277, 409, 299, 237, 369, 123, 610
  39, 343, 279, 414, 304, 239, 374, 128, 626
  40, 348, 282, 420, 309, 242, 380, 133, 642
  41, 353, 284, 425, 314, 244, 385, 138, 658
  42, 358, 286, 431, 319, 246, 391, 144, 674
  43, 363, 289, 437, 324, 249, 397, 149, 690
  44, 368, 291, 442, 330, 251, 402, 155, 706
  45, 374, 293, 448, 335, 253, 408, 161, 722
  46, 379, 296, 454, 341, 256, 414, 167, 739
  47, 385, 298, 460, 347, 258, 420, 173, 755
  48, 391, 301, 466, 352, 261, 426, 179, 771
  49, 397, 303, 472, 358, 263, 432, 185, 787
  50, 403, 306, 477, 365, 266, 438, 192, 803
  51, 409, 309, 483, 371, 269, 443, 199, 819
  52, 416, 311, 489, 377, 271, 449, 205, 835
  53, 422, 314, 496, 384, 274, 456, 212, 851
  54, 429, 317, 502, 391, 277, 462, 219, 867
  55, 435, 319, 508, 397, 279, 468, 226, 883
  56, 442, 322, 514, 404, 282, 474, 233, 899
  57, 449, 325, 520, 411, 285, 480, 240, 915
  58, 456, 328, 526, 418, 288, 486, 247, 931
  59, 463, 331, 533, 425, 291, 493, 255, 947
  60, 470, 334, 539, 432, 294, 499, 262, 963
  61, 477, 337, 545, 440, 297, 505, 270, 980
  62, 485, 340, 552, 447, 300, 512, 278, 996
  63, 492, 343, 558, 455, 303, 518, 286,1012
  64, 500, 346, 565, 462, 306, 525, 294,1028
  65, 507, 350, 571, 470, 310, 531, 302,1044
  66, 515, 353, 578, 478, 313, 538, 310,1060
  67, 523, 356, 585, 486, 316, 545, 319,1076
  68, 531, 360, 591, 494, 320, 551, 327,1092
  69, 540, 363, 598, 503, 323, 558, 336,1108
  70, 548, 366, 605, 511, 326, 565, 345,1124
  71, 556, 370, 611, 520, 330, 571, 354,1140
  72, 565, 373, 618, 528, 333, 578, 363,1156
  73, 574, 377, 625, 537, 337, 585, 372,1172
  74, 583, 381, 632, 546, 341, 592, 381,1188
  75, 592, 384, 639, 555, 344, 599, 391,1204
  76, 601, 388, 646, 564, 348, 606, 400,1220
  77, 610, 392, 653, 573, 352, 613, 410,1237
  78, 619, 395, 660, 582, 355, 620, 419,1253
  79, 628, 399, 667, 592, 359, 627, 429,1269
  80, 637, 403, 674, 601, 363, 634, 439,1285
  81, 647, 407, 681, 611, 367, 641, 449,1301
  82, 657, 411, 689, 621, 371, 649, 460,1317
  83, 666, 415, 696, 631, 375, 656, 470,1333
  84, 676, 420, 703, 641, 380, 663, 481,1349
  85, 686, 424, 711, 651, 384, 671, 491,1365
  86, 696, 428, 718, 661, 388, 678, 502,1381
  87, 707, 432, 725, 672, 392, 685, 513,1397
  88, 717, 437, 733, 682, 397, 693, 524,1413
  89, 728, 441, 740, 693, 401, 700, 535,1429
  90, 738, 446, 748, 704, 406, 708, 546,1445
  91, 749, 450, 756, 714, 410, 716, 557,1461
  92, 760, 455, 763, 725, 415, 723, 569,1478
  93, 771, 459, 771, 736, 419, 731, 580,1494
  94, 782, 464, 779, 748, 424, 739, 592,1510
  95, 793, 469, 787, 759, 429, 747, 604,1526
  96, 805, 474, 795, 770, 434, 755, 616,1542
  97, 816, 479, 803, 782, 439, 763, 628,1558
  98, 827, 483, 811, 793, 443, 771, 640,1574
  99, 839, 488, 819, 805, 448, 779, 652,1590
 100, 851, 493, 827, 817, 453, 787, 665,1606
 101, 863, 499, 835, 829, 458, 795, 678,1622
 102, 875, 504, 843, 841, 464, 804, 690,1638
 103, 887, 509, 852, 853, 469, 812, 703,1654
 104, 899, 514, 860, 866, 474, 820, 716,1670
 105, 912, 519, 869, 878, 479, 829, 729,1686
 106, 924, 525, 877, 891, 485, 837, 742,1702
 107, 937, 530, 886, 904, 490, 846, 756,1719
 108, 949, 535, 894, 917, 495, 854, 769,1735
 109, 962, 541, 903, 930, 501, 863, 782,1751
 110, 975, 547, 912, 943, 506, 872, 796,1767
 111, 988, 552, 921, 956, 512, 881, 810,1783
 112,1002, 558, 929, 969, 518, 890, 824,1799
 113,1015, 564, 938, 983, 524, 898, 838,1815
 114,1028, 569, 947, 996, 529, 907, 852,1831
 115,1042, 575, 956,1010, 535, 916, 866,1847
 116,1055, 581, 965,1023, 541, 925, 881,1863
 117,1069, 587, 974,1037, 547, 935, 895,1879
 118,1083, 594, 984,1051, 554, 944, 910,1895
 119,1097, 600, 993,1065, 560, 953, 925,1911
 120,1111, 606,1002,1080, 566, 962, 940,1927
 121,1125, 612,1011,1094, 572, 972, 955,1943
 122,1140, 619,1021,1109, 579, 981, 970,1959
 123,1154, 625,1030,1123, 585, 991, 985,1976
 124,1169, 632,1040,1138, 592,1000,1001,1992
 125,1183, 639,1050,1153, 598,1010,1016,2008
 126,1198, 645,1059,1168, 605,1020,1032,2024
 127,1213, 652,1069,1183, 612,1029,1048,2040
 128,1228, 659,1079,1198, 619,1039,1063,2056
 129,1243, 666,1089,1214, 626,1049,1079,2072
 130,1259, 673,1099,1229, 633,1059,1096,2088
 131,1274, 680,1109,1245, 640,1069,1112,2104
 132,1289, 687,1119,1260, 647,1079,1129,2120
 133,1305, 694,1130,1276, 654,1090,1145,2136
 134,1321, 701,1140,1292, 661,1100,1162,2152
 135,1337, 709,1150,1308, 668,1111,1179,2168
 136,1353, 716,1161,1324, 676,1121,1196,2184
 137,1369, 723,1171,1340, 683,1132,1213,2200
 138,1385, 731,1182,1357, 691,1142,1230,2217
 139,1401, 738,1193,1373, 698,1153,1247,2233
 140,1418, 746,1204,1390, 706,1164,1264,2249
 141,1435, 754,1215,1407, 714,1175,1282,2265
 142,1451, 762,1226,1424, 722,1186,1299,2281
 143,1468, 770,1237,1441, 730,1197,1317,2297
 144,1485, 778,1248,1458, 738,1208,1335,2313
 145,1502, 786,1259,1475, 746,1219,1353,2329
 146,1519, 794,1270,1492, 754,1231,1371,2345
 147,1536, 803,1282,1510, 763,1242,1390,2361
 148,1554, 811,1293,1527, 771,1253,1408,2377
 149,1571, 820,1305,1545, 779,1265,1427,2393
 150,1589, 828,1316,1563, 788,1277,1445,2409
 151,1607, 837,1328,1581, 797,1288,1464,2425
 152,1624, 846,1340,1599, 806,1300,1483,2441
 153,1642, 855,1352,1617, 815,1312,1502,2458
 154,1661, 864,1364,1635, 824,1324,1521,2474
 155,1679, 873,1376,1654, 833,1337,1540,2490
 156,1697, 882,1388,1672, 842,1349,1560,2506
 157,1716, 891,1401,1691, 851,1361,1579,2522
 158,1734, 900,1413,1710, 860,1374,1599,2538
 159,1753, 910,1426,1729, 870,1386,1618,2554
 160,1772, 919,1439,1748, 879,1399,1638,2570
 161,1791, 929,1452,1767, 889,1412,1658,2586
 162,1810, 939,1465,1786, 898,1425,1678,2602
 163,1829, 948,1478,1805, 908,1438,1699,2618
 164,1848, 958,1491,1825, 918,1451,1719,2634
 165,1868, 968,1504,1844, 928,1464,1740,2650
 166,1887, 979,1517,1864, 938,1478,1760,2666
 167,1907, 989,1531,1884, 949,1491,1781,2682
 168,1926,1000,1544,1904, 959,1505,1802,2698
 169,1946,1010,1558,1924, 970,1518,1823,2715
 170,1966,1021,1572,1944, 980,1532,1844,2731
 171,1986,1032,1585,1964, 991,1546,1866,2747
 172,2007,1043,1600,1985,1002,1560,1887,2763
 173,2027,1054,1614,2005,1013,1575,1908,2779
 174,2047,1065,1628,2026,1024,1589,1930,2795
 175,2068,1076,1643,2047,1036,1604,1952,2811
 176,2089,1087,1658,2068,1047,1619,1973,2827
 177,2110,1099,1673,2089,1058,1633,1995,2843
 178,2131,1110,1688,2110,1070,1648,2018,2859
 179,2152,1122,1703,2131,1082,1663,2040,2875
 180,2173,1134,1718,2153,1093,1679,2062,2891
 181,2194,1146,1733,2174,1106,1694,2085,2907
 182,2215,1158,1749,2196,1118,1709,2108,2923
 183,2237,1171,1764,2217,1130,1725,2130,2939
 184,2258,1183,1780,2239,1143,1741,2153,2956
 185,2280,1196,1796,2261,1155,1757,2176,2972
 186,2302,1209,1812,2283,1168,1773,2199,2988
 187,2324,1222,1829,2305,1181,1790,2223,3004
 188,2346,1235,1845,2328,1194,1806,2246,3020
 189,2368,1248,1862,2350,1208,1823,2269,3036
 190,2391,1262,1879,2373,1221,1840,2293,3052
 191,2413,1275,1896,2396,1234,1857,2317,3068
 192,2436,1289,1913,2419,1248,1875,2340,3084
 193,2459,1303,1931,2442,1262,1892,2364,3100
 194,2481,1317,1948,2465,1276,1910,2388,3116
 195,2504,1331,1966,2488,1291,1927,2413,3132
 196,2527,1346,1984,2511,1305,1946,2437,3148
 197,2551,1361,2003,2534,1320,1964,2462,3164
 198,2574,1376,2021,2558,1335,1983,2486,3180
 199,2597,1391,2040,2581,1350,2002,2511,3197
 200,2621,1406,2059,2605,1365,2021,2536,3213
 201,2644,1422,2078,2629,1381,2040,2561,3229
 202,2668,1437,2097,2653,1396,2059,2586,3245
 203,2692,1453,2117,2677,1412,2079,2611,3261
 204,2716,1469,2137,2701,1428,2099,2637,3277
 205,2740,1486,2157,2726,1445,2119,2662,3293
 206,2764,1503,2178,2750,1462,2140,2688,3309
 207,2788,1520,2199,2775,1479,2161,2713,3325
 208,2813,1537,2220,2800,1496,2182,2739,3341
 209,2838,1554,2241,2825,1513,2203,2765,3357
 210,2862,1572,2262,2850,1531,2225,2791,3373
 211,2887,1590,2284,2875,1549,2247,2818,3389
 212,2912,1608,2307,2900,1567,2269,2844,3405
 213,2937,1627,2329,2925,1586,2292,2871,3421
 214,2962,1646,2352,2950,1605,2315,2897,3437
 215,2988,1665,2376,2976,1624,2338,2924,3454
 216,3013,1684,2399,3001,1643,2362,2951,3470
 217,3038,1704,2423,3027,1663,2386,2978,3486
 218,3064,1725,2448,3053,1683,2411,3005,3502
 219,3090,1745,2473,3079,1704,2436,3032,3518
 220,3115,1766,2498,3105,1725,2461,3059,3534
 221,3141,1787,2523,3132,1746,2487,3087,3550
 222,3168,1809,2550,3158,1767,2513,3114,3566
 223,3194,1831,2577,3185,1789,2540,3142,3582
 224,3220,1854,2604,3211,1812,2567,3170,3598
 225,3247,1877,2631,3238,1835,2595,3198,3614
 226,3273,1901,2660,3265,1858,2624,3226,3630
 227,3300,1925,2689,3292,1882,2653,3254,3646
 228,3327,1950,2718,3319,1907,2682,3283,3662
 229,3354,1975,2748,3346,1932,2712,3311,3678
 230,3381,2000,2779,3373,1958,2743,3340,3695
 231,3408,2027,2810,3401,1984,2775,3369,3711
 232,3435,2054,2842,3428,2011,2808,3398,3727
 233,3463,2082,2875,3456,2038,2841,3427,3743
 234,3490,2110,2909,3484,2067,2875,3456,3759
 235,3518,2139,2944,3512,2096,2910,3485,3775
 236,3545,2170,2980,3540,2126,2946,3514,3791
 237,3573,2201,3017,3568,2157,2983,3544,3807
 238,3601,2233,3054,3596,2189,3021,3573,3823
 239,3629,2266,3093,3625,2222,3060,3603,3839
 240,3658,2300,3134,3653,2255,3101,3632,3855
 241,3686,2335,3175,3682,2290,3144,3662,3871
 242,3715,2372,3218,3711,2327,3187,3693,3887
 243,3743,2410,3263,3740,2365,3233,3723,3903
 244,3772,2450,3310,3769,2404,3280,3753,3919
 245,3801,2492,3359,3798,2445,3330,3784,3935
 246,3830,2536,3411,3827,2489,3382,3814,3952
 247,3859,2582,3465,3856,2534,3437,3845,3968
 248,3888,2630,3522,3886,2582,3495,3876,3984
 249,3917,2682,3583,3915,2634,3557,3907,4000
 250,3947,2738,3648,3945,2688,3624,3938,4016
 251,3976,2799,3718,3975,2747,3697,3969,4032
 252,4006,2865,3796,4005,2812,3776,4001,4048
 253,4035,2939,3882,4035,2884,3866,4032,4064
 254,4065,3024,3980,4065,2965,3971,4064,4080
 255,4095,4095,4095,4095,4095,4095,4095,4095
