RECTIFICATION_TERMS
        3.58400e+03 0.00000e+00 1.00000e+00
        2.50000e+03 1.00000e+00 0.00000e+00
GROUND_ZERO -1.74751e-01 -1.60303e+00 0.00000e+00
LOAD_PT -1.74751e-01 -1.60303e+00 0.00000e+00
COORD_SYSTEM 1
IMAGE_MOTION 0
SENSOR_TYPE USGSAstroLineScanner
SENSOR_MODE UNKNOWN
FOCAL 3.52927e+02
ATMCO 0.00000e+00 0.00000e+00 0.00000e+00 0.00000e+00
IOCOEF_LINE 3.58400e+03 1.20751e+02 0.00000e+00 0.00000e+00 0.00000e+00 0.00000e+00 0.00000e+00 0.00000e+00 0.00000e+00 0.00000e+00
IOCOEF_SAMPLE 2.50000e+03 0.00000e+00 1.42857e+02 0.00000e+00 0.00000e+00 0.00000e+00 0.00000e+00 0.00000e+00 0.00000e+00 0.00000e+00
ABERR    0
ATMREF   0
PLATFORM   1
SOURCE_FLAG  1
SINGLE_EPHEMERIDE  0
TRI_PARAMETERS
0.00000e+00 0.00000e+00 0.00000e+00 0.00000e+00 0.00000e+00 0.00000e+00 0.00000e+00 0.00000e+00 0.00000e+00 0.00000e+00 0.00000e+00 0.00000e+00 0.00000e+00 0.00000e+00 0.00000e+00 3.52927e+02 0.00000e+00 0.00000e+00
T_CENTER  0.00000e+00
DT_EPHEM  1.47849e-01
T0_EPHEM  -8.13174e+00
NUMBER_OF_EPHEM   111
EPHEM_PTS
 -1.00376e+05 -3.59490e+06 -6.54358e+05
 -1.00441e+05 -3.59499e+06 -6.53861e+05
 -1.00505e+05 -3.59509e+06 -6.53364e+05
 -1.00570e+05 -3.59518e+06 -6.52866e+05
 -1.00634e+05 -3.59527e+06 -6.52369e+05
 -1.00699e+05 -3.59537e+06 -6.51872e+05
 -1.00764e+05 -3.59546e+06 -6.51374e+05
 -1.00828e+05 -3.59555e+06 -6.50877e+05
 -1.00893e+05 -3.59564e+06 -6.50380e+05
 -1.00957e+05 -3.59574e+06 -6.49882e+05
 -1.01022e+05 -3.59583e+06 -6.49385e+05
 -1.01086e+05 -3.59592e+06 -6.48888e+05
 -1.01151e+05 -3.59601e+06 -6.48390e+05
 -1.01216e+05 -3.59611e+06 -6.47893e+05
 -1.01280e+05 -3.59620e+06 -6.47396e+05
 -1.01345e+05 -3.59629e+06 -6.46898e+05
 -1.01409e+05 -3.59638e+06 -6.46401e+05
 -1.01474e+05 -3.59648e+06 -6.45903e+05
 -1.01539e+05 -3.59657e+06 -6.45406e+05
 -1.01603e+05 -3.59666e+06 -6.44909e+05
 -1.01668e+05 -3.59675e+06 -6.44411e+05
 -1.01732e+05 -3.59685e+06 -6.43914e+05
 -1.01797e+05 -3.59694e+06 -6.43416e+05
 -1.01862e+05 -3.59703e+06 -6.42919e+05
 -1.01926e+05 -3.59712e+06 -6.42421e+05
 -1.01991e+05 -3.59721e+06 -6.41924e+05
 -1.02055e+05 -3.59730e+06 -6.41426e+05
 -1.02120e+05 -3.59740e+06 -6.40929e+05
 -1.02185e+05 -3.59749e+06 -6.40431e+05
 -1.02249e+05 -3.59758e+06 -6.39934e+05
 -1.02314e+05 -3.59767e+06 -6.39436e+05
 -1.02378e+05 -3.59776e+06 -6.38939e+05
 -1.02443e+05 -3.59785e+06 -6.38441e+05
 -1.02508e+05 -3.59794e+06 -6.37943e+05
 -1.02572e+05 -3.59804e+06 -6.37446e+05
 -1.02637e+05 -3.59813e+06 -6.36948e+05
 -1.02701e+05 -3.59822e+06 -6.36451e+05
 -1.02766e+05 -3.59831e+06 -6.35953e+05
 -1.02831e+05 -3.59840e+06 -6.35455e+05
 -1.02895e+05 -3.59849e+06 -6.34958e+05
 -1.02960e+05 -3.59858e+06 -6.34460e+05
 -1.03024e+05 -3.59867e+06 -6.33962e+05
 -1.03089e+05 -3.59876e+06 -6.33465e+05
 -1.03154e+05 -3.59885e+06 -6.32967e+05
 -1.03218e+05 -3.59894e+06 -6.32469e+05
 -1.03283e+05 -3.59903e+06 -6.31971e+05
 -1.03347e+05 -3.59912e+06 -6.31474e+05
 -1.03412e+05 -3.59921e+06 -6.30976e+05
 -1.03477e+05 -3.59930e+06 -6.30478e+05
 -1.03541e+05 -3.59939e+06 -6.29980e+05
 -1.03606e+05 -3.59948e+06 -6.29482e+05
 -1.03670e+05 -3.59957e+06 -6.28985e+05
 -1.03735e+05 -3.59966e+06 -6.28487e+05
 -1.03800e+05 -3.59975e+06 -6.27989e+05
 -1.03864e+05 -3.59984e+06 -6.27491e+05
 -1.03929e+05 -3.59993e+06 -6.26993e+05
 -1.03993e+05 -3.60002e+06 -6.26495e+05
 -1.04058e+05 -3.60011e+06 -6.25997e+05
 -1.04123e+05 -3.60020e+06 -6.25500e+05
 -1.04187e+05 -3.60029e+06 -6.25002e+05
 -1.04252e+05 -3.60038e+06 -6.24504e+05
 -1.04316e+05 -3.60047e+06 -6.24006e+05
 -1.04381e+05 -3.60056e+06 -6.23508e+05
 -1.04445e+05 -3.60065e+06 -6.23010e+05
 -1.04510e+05 -3.60074e+06 -6.22512e+05
 -1.04575e+05 -3.60083e+06 -6.22014e+05
 -1.04639e+05 -3.60092e+06 -6.21516e+05
 -1.04704e+05 -3.60100e+06 -6.21018e+05
 -1.04768e+05 -3.60109e+06 -6.20520e+05
 -1.04833e+05 -3.60118e+06 -6.20022e+05
 -1.04898e+05 -3.60127e+06 -6.19524e+05
 -1.04962e+05 -3.60136e+06 -6.19026e+05
 -1.05027e+05 -3.60145e+06 -6.18528e+05
 -1.05091e+05 -3.60154e+06 -6.18030e+05
 -1.05156e+05 -3.60162e+06 -6.17532e+05
 -1.05221e+05 -3.60171e+06 -6.17033e+05
 -1.05285e+05 -3.60180e+06 -6.16535e+05
 -1.05350e+05 -3.60189e+06 -6.16037e+05
 -1.05414e+05 -3.60198e+06 -6.15539e+05
 -1.05479e+05 -3.60207e+06 -6.15041e+05
 -1.05544e+05 -3.60215e+06 -6.14543e+05
 -1.05608e+05 -3.60224e+06 -6.14045e+05
 -1.05673e+05 -3.60233e+06 -6.13546e+05
 -1.05737e+05 -3.60242e+06 -6.13048e+05
 -1.05802e+05 -3.60250e+06 -6.12550e+05
 -1.05867e+05 -3.60259e+06 -6.12052e+05
 -1.05931e+05 -3.60268e+06 -6.11554e+05
 -1.05996e+05 -3.60277e+06 -6.11055e+05
 -1.06060e+05 -3.60285e+06 -6.10557e+05
 -1.06125e+05 -3.60294e+06 -6.10059e+05
 -1.06189e+05 -3.60303e+06 -6.09560e+05
 -1.06254e+05 -3.60312e+06 -6.09062e+05
 -1.06319e+05 -3.60320e+06 -6.08564e+05
 -1.06383e+05 -3.60329e+06 -6.08066e+05
 -1.06448e+05 -3.60338e+06 -6.07567e+05
 -1.06512e+05 -3.60346e+06 -6.07069e+05
 -1.06577e+05 -3.60355e+06 -6.06571e+05
 -1.06642e+05 -3.60364e+06 -6.06072e+05
 -1.06706e+05 -3.60372e+06 -6.05574e+05
 -1.06771e+05 -3.60381e+06 -6.05075e+05
 -1.06835e+05 -3.60390e+06 -6.04577e+05
 -1.06900e+05 -3.60398e+06 -6.04079e+05
 -1.06965e+05 -3.60407e+06 -6.03580e+05
 -1.07029e+05 -3.60416e+06 -6.03082e+05
 -1.07094e+05 -3.60424e+06 -6.02583e+05
 -1.07158e+05 -3.60433e+06 -6.02085e+05
 -1.07223e+05 -3.60442e+06 -6.01587e+05
 -1.07288e+05 -3.60450e+06 -6.01088e+05
 -1.07352e+05 -3.60459e+06 -6.00590e+05
 -1.07417e+05 -3.60468e+06 -6.00091e+05
 -1.07481e+05 -3.60476e+06 -5.99593e+05


EPHEM_RATES
 -4.36903e+02 -6.27400e+02 3.36369e+03
 -4.36903e+02 -6.27400e+02 3.36369e+03
 -4.36903e+02 -6.27400e+02 3.36369e+03
 -4.36903e+02 -6.27400e+02 3.36369e+03
 -4.36903e+02 -6.27400e+02 3.36369e+03
 -4.36903e+02 -6.27400e+02 3.36369e+03
 -4.36903e+02 -6.27400e+02 3.36369e+03
 -4.36903e+02 -6.27400e+02 3.36369e+03
 -4.36903e+02 -6.27400e+02 3.36369e+03
 -4.36903e+02 -6.27400e+02 3.36369e+03
 -4.36903e+02 -6.27400e+02 3.36369e+03
 -4.36903e+02 -6.27163e+02 3.36373e+03
 -4.36903e+02 -6.26689e+02 3.36381e+03
 -4.36903e+02 -6.26215e+02 3.36390e+03
 -4.36904e+02 -6.25741e+02 3.36398e+03
 -4.36904e+02 -6.25267e+02 3.36407e+03
 -4.36904e+02 -6.24793e+02 3.36415e+03
 -4.36904e+02 -6.24319e+02 3.36424e+03
 -4.36904e+02 -6.23845e+02 3.36432e+03
 -4.36905e+02 -6.23371e+02 3.36441e+03
 -4.36905e+02 -6.22896e+02 3.36449e+03
 -4.36905e+02 -6.22422e+02 3.36457e+03
 -4.36905e+02 -6.21948e+02 3.36466e+03
 -4.36905e+02 -6.21474e+02 3.36474e+03
 -4.36905e+02 -6.21000e+02 3.36483e+03
 -4.36905e+02 -6.20526e+02 3.36491e+03
 -4.36905e+02 -6.20051e+02 3.36499e+03
 -4.36905e+02 -6.19577e+02 3.36508e+03
 -4.36905e+02 -6.19103e+02 3.36516e+03
 -4.36905e+02 -6.18629e+02 3.36525e+03
 -4.36905e+02 -6.18154e+02 3.36533e+03
 -4.36905e+02 -6.17680e+02 3.36541e+03
 -4.36905e+02 -6.17206e+02 3.36550e+03
 -4.36905e+02 -6.16732e+02 3.36558e+03
 -4.36905e+02 -6.16257e+02 3.36566e+03
 -4.36905e+02 -6.15783e+02 3.36575e+03
 -4.36904e+02 -6.15309e+02 3.36583e+03
 -4.36904e+02 -6.14834e+02 3.36591e+03
 -4.36904e+02 -6.14360e+02 3.36600e+03
 -4.36904e+02 -6.13886e+02 3.36608e+03
 -4.36904e+02 -6.13411e+02 3.36616e+03
 -4.36903e+02 -6.12937e+02 3.36625e+03
 -4.36903e+02 -6.12463e+02 3.36633e+03
 -4.36903e+02 -6.11988e+02 3.36641e+03
 -4.36903e+02 -6.11514e+02 3.36649e+03
 -4.36902e+02 -6.11039e+02 3.36658e+03
 -4.36902e+02 -6.10565e+02 3.36666e+03
 -4.36902e+02 -6.10090e+02 3.36674e+03
 -4.36901e+02 -6.09616e+02 3.36682e+03
 -4.36901e+02 -6.09142e+02 3.36691e+03
 -4.36900e+02 -6.08667e+02 3.36699e+03
 -4.36900e+02 -6.08193e+02 3.36707e+03
 -4.36899e+02 -6.07718e+02 3.36715e+03
 -4.36899e+02 -6.07244e+02 3.36723e+03
 -4.36899e+02 -6.06769e+02 3.36732e+03
 -4.36898e+02 -6.06295e+02 3.36740e+03
 -4.36897e+02 -6.05820e+02 3.36748e+03
 -4.36897e+02 -6.05346e+02 3.36756e+03
 -4.36896e+02 -6.04871e+02 3.36764e+03
 -4.36896e+02 -6.04397e+02 3.36773e+03
 -4.36895e+02 -6.03922e+02 3.36781e+03
 -4.36895e+02 -6.03447e+02 3.36789e+03
 -4.36894e+02 -6.02973e+02 3.36797e+03
 -4.36893e+02 -6.02498e+02 3.36805e+03
 -4.36893e+02 -6.02024e+02 3.36813e+03
 -4.36892e+02 -6.01549e+02 3.36822e+03
 -4.36891e+02 -6.01074e+02 3.36830e+03
 -4.36891e+02 -6.00600e+02 3.36838e+03
 -4.36890e+02 -6.00125e+02 3.36846e+03
 -4.36889e+02 -5.99651e+02 3.36854e+03
 -4.36888e+02 -5.99176e+02 3.36862e+03
 -4.36888e+02 -5.98701e+02 3.36870e+03
 -4.36887e+02 -5.98227e+02 3.36878e+03
 -4.36886e+02 -5.97752e+02 3.36886e+03
 -4.36885e+02 -5.97277e+02 3.36894e+03
 -4.36884e+02 -5.96802e+02 3.36903e+03
 -4.36883e+02 -5.96328e+02 3.36911e+03
 -4.36882e+02 -5.95853e+02 3.36919e+03
 -4.36881e+02 -5.95378e+02 3.36927e+03
 -4.36881e+02 -5.94904e+02 3.36935e+03
 -4.36880e+02 -5.94429e+02 3.36943e+03
 -4.36879e+02 -5.93954e+02 3.36951e+03
 -4.36878e+02 -5.93479e+02 3.36959e+03
 -4.36877e+02 -5.93004e+02 3.36967e+03
 -4.36876e+02 -5.92530e+02 3.36975e+03
 -4.36874e+02 -5.92055e+02 3.36983e+03
 -4.36873e+02 -5.91580e+02 3.36991e+03
 -4.36872e+02 -5.91105e+02 3.36999e+03
 -4.36871e+02 -5.90630e+02 3.37007e+03
 -4.36870e+02 -5.90156e+02 3.37015e+03
 -4.36869e+02 -5.89681e+02 3.37023e+03
 -4.36868e+02 -5.89206e+02 3.37031e+03
 -4.36867e+02 -5.88731e+02 3.37039e+03
 -4.36865e+02 -5.88256e+02 3.37047e+03
 -4.36864e+02 -5.87781e+02 3.37055e+03
 -4.36863e+02 -5.87306e+02 3.37063e+03
 -4.36862e+02 -5.86831e+02 3.37070e+03
 -4.36860e+02 -5.86357e+02 3.37078e+03
 -4.36859e+02 -5.85882e+02 3.37086e+03
 -4.36858e+02 -5.85407e+02 3.37094e+03
 -4.36857e+02 -5.85169e+02 3.37098e+03
 -4.36857e+02 -5.85169e+02 3.37098e+03
 -4.36857e+02 -5.85169e+02 3.37098e+03
 -4.36857e+02 -5.85169e+02 3.37098e+03
 -4.36857e+02 -5.85169e+02 3.37098e+03
 -4.36857e+02 -5.85169e+02 3.37098e+03
 -4.36857e+02 -5.85169e+02 3.37098e+03
 -4.36857e+02 -5.85169e+02 3.37098e+03
 -4.36857e+02 -5.85169e+02 3.37098e+03
 -4.36857e+02 -5.85169e+02 3.37098e+03
 -4.36857e+02 -5.85169e+02 3.37098e+03


DT_QUAT 8.25419e-02
T0_QUAT -7.51131e+00
NUMBER_OF_QUATERNIONS  183
QUATERNIONS
 -4.20014e-01 -4.86677e-01 -5.71338e-01 5.10201e-01
 -4.20038e-01 -4.86696e-01 -5.71320e-01 5.10183e-01
 -4.20061e-01 -4.86715e-01 -5.71303e-01 5.10164e-01
 -4.20084e-01 -4.86735e-01 -5.71286e-01 5.10146e-01
 -4.20107e-01 -4.86754e-01 -5.71269e-01 5.10128e-01
 -4.20130e-01 -4.86773e-01 -5.71252e-01 5.10110e-01
 -4.20154e-01 -4.86792e-01 -5.71235e-01 5.10092e-01
 -4.20177e-01 -4.86811e-01 -5.71218e-01 5.10073e-01
 -4.20200e-01 -4.86830e-01 -5.71201e-01 5.10055e-01
 -4.20223e-01 -4.86849e-01 -5.71183e-01 5.10037e-01
 -4.20246e-01 -4.86868e-01 -5.71166e-01 5.10019e-01
 -4.20269e-01 -4.86887e-01 -5.71149e-01 5.10001e-01
 -4.20293e-01 -4.86907e-01 -5.71132e-01 5.09982e-01
 -4.20315e-01 -4.86926e-01 -5.71115e-01 5.09964e-01
 -4.20337e-01 -4.86944e-01 -5.71099e-01 5.09947e-01
 -4.20360e-01 -4.86964e-01 -5.71082e-01 5.09928e-01
 -4.20383e-01 -4.86985e-01 -5.71065e-01 5.09909e-01
 -4.20405e-01 -4.87005e-01 -5.71048e-01 5.09890e-01
 -4.20428e-01 -4.87025e-01 -5.71031e-01 5.09871e-01
 -4.20452e-01 -4.87045e-01 -5.71014e-01 5.09851e-01
 -4.20475e-01 -4.87065e-01 -5.70997e-01 5.09832e-01
 -4.20499e-01 -4.87083e-01 -5.70981e-01 5.09814e-01
 -4.20522e-01 -4.87103e-01 -5.70964e-01 5.09795e-01
 -4.20544e-01 -4.87123e-01 -5.70947e-01 5.09776e-01
 -4.20567e-01 -4.87142e-01 -5.70931e-01 5.09757e-01
 -4.20590e-01 -4.87162e-01 -5.70913e-01 5.09739e-01
 -4.20614e-01 -4.87182e-01 -5.70896e-01 5.09719e-01
 -4.20637e-01 -4.87202e-01 -5.70879e-01 5.09701e-01
 -4.20660e-01 -4.87220e-01 -5.70862e-01 5.09683e-01
 -4.20682e-01 -4.87238e-01 -5.70845e-01 5.09666e-01
 -4.20705e-01 -4.87258e-01 -5.70828e-01 5.09648e-01
 -4.20727e-01 -4.87278e-01 -5.70811e-01 5.09629e-01
 -4.20750e-01 -4.87298e-01 -5.70794e-01 5.09610e-01
 -4.20772e-01 -4.87319e-01 -5.70777e-01 5.09590e-01
 -4.20795e-01 -4.87339e-01 -5.70760e-01 5.09571e-01
 -4.20819e-01 -4.87358e-01 -5.70743e-01 5.09553e-01
 -4.20843e-01 -4.87376e-01 -5.70725e-01 5.09536e-01
 -4.20866e-01 -4.87396e-01 -5.70708e-01 5.09517e-01
 -4.20890e-01 -4.87415e-01 -5.70691e-01 5.09498e-01
 -4.20913e-01 -4.87435e-01 -5.70673e-01 5.09479e-01
 -4.20935e-01 -4.87456e-01 -5.70657e-01 5.09459e-01
 -4.20958e-01 -4.87476e-01 -5.70641e-01 5.09439e-01
 -4.20980e-01 -4.87496e-01 -5.70624e-01 5.09421e-01
 -4.21003e-01 -4.87516e-01 -5.70607e-01 5.09401e-01
 -4.21026e-01 -4.87536e-01 -5.70590e-01 5.09382e-01
 -4.21048e-01 -4.87555e-01 -5.70574e-01 5.09364e-01
 -4.21070e-01 -4.87575e-01 -5.70557e-01 5.09346e-01
 -4.21093e-01 -4.87595e-01 -5.70540e-01 5.09327e-01
 -4.21116e-01 -4.87615e-01 -5.70523e-01 5.09308e-01
 -4.21139e-01 -4.87634e-01 -5.70506e-01 5.09290e-01
 -4.21162e-01 -4.87654e-01 -5.70490e-01 5.09271e-01
 -4.21185e-01 -4.87673e-01 -5.70472e-01 5.09252e-01
 -4.21208e-01 -4.87692e-01 -5.70455e-01 5.09233e-01
 -4.21231e-01 -4.87711e-01 -5.70439e-01 5.09215e-01
 -4.21254e-01 -4.87730e-01 -5.70422e-01 5.09196e-01
 -4.21277e-01 -4.87753e-01 -5.70405e-01 5.09174e-01
 -4.21300e-01 -4.87773e-01 -5.70388e-01 5.09155e-01
 -4.21324e-01 -4.87793e-01 -5.70371e-01 5.09136e-01
 -4.21348e-01 -4.87813e-01 -5.70353e-01 5.09116e-01
 -4.21371e-01 -4.87833e-01 -5.70336e-01 5.09097e-01
 -4.21395e-01 -4.87850e-01 -5.70319e-01 5.09080e-01
 -4.21418e-01 -4.87869e-01 -5.70302e-01 5.09062e-01
 -4.21443e-01 -4.87887e-01 -5.70284e-01 5.09044e-01
 -4.21467e-01 -4.87906e-01 -5.70266e-01 5.09027e-01
 -4.21491e-01 -4.87926e-01 -5.70249e-01 5.09007e-01
 -4.21514e-01 -4.87946e-01 -5.70231e-01 5.08988e-01
 -4.21537e-01 -4.87966e-01 -5.70214e-01 5.08969e-01
 -4.21562e-01 -4.87983e-01 -5.70197e-01 5.08951e-01
 -4.21585e-01 -4.88002e-01 -5.70180e-01 5.08933e-01
 -4.21610e-01 -4.88021e-01 -5.70162e-01 5.08914e-01
 -4.21634e-01 -4.88040e-01 -5.70144e-01 5.08897e-01
 -4.21658e-01 -4.88059e-01 -5.70127e-01 5.08878e-01
 -4.21682e-01 -4.88079e-01 -5.70109e-01 5.08859e-01
 -4.21705e-01 -4.88098e-01 -5.70092e-01 5.08840e-01
 -4.21729e-01 -4.88117e-01 -5.70074e-01 5.08822e-01
 -4.21752e-01 -4.88136e-01 -5.70057e-01 5.08804e-01
 -4.21775e-01 -4.88156e-01 -5.70040e-01 5.08785e-01
 -4.21798e-01 -4.88174e-01 -5.70021e-01 5.08769e-01
 -4.21821e-01 -4.88194e-01 -5.70005e-01 5.08750e-01
 -4.21846e-01 -4.88213e-01 -5.69986e-01 5.08731e-01
 -4.21870e-01 -4.88233e-01 -5.69969e-01 5.08712e-01
 -4.21893e-01 -4.88253e-01 -5.69951e-01 5.08693e-01
 -4.21916e-01 -4.88273e-01 -5.69934e-01 5.08675e-01
 -4.21940e-01 -4.88292e-01 -5.69916e-01 5.08656e-01
 -4.21963e-01 -4.88311e-01 -5.69899e-01 5.08638e-01
 -4.21987e-01 -4.88330e-01 -5.69882e-01 5.08620e-01
 -4.22010e-01 -4.88350e-01 -5.69864e-01 5.08602e-01
 -4.22033e-01 -4.88369e-01 -5.69846e-01 5.08584e-01
 -4.22056e-01 -4.88389e-01 -5.69829e-01 5.08565e-01
 -4.22078e-01 -4.88409e-01 -5.69812e-01 5.08546e-01
 -4.22101e-01 -4.88429e-01 -5.69795e-01 5.08528e-01
 -4.22123e-01 -4.88449e-01 -5.69778e-01 5.08509e-01
 -4.22146e-01 -4.88469e-01 -5.69761e-01 5.08489e-01
 -4.22170e-01 -4.88489e-01 -5.69743e-01 5.08470e-01
 -4.22193e-01 -4.88509e-01 -5.69726e-01 5.08450e-01
 -4.22217e-01 -4.88529e-01 -5.69709e-01 5.08432e-01
 -4.22239e-01 -4.88549e-01 -5.69691e-01 5.08413e-01
 -4.22261e-01 -4.88570e-01 -5.69674e-01 5.08394e-01
 -4.22283e-01 -4.88589e-01 -5.69658e-01 5.08375e-01
 -4.22305e-01 -4.88609e-01 -5.69642e-01 5.08356e-01
 -4.22328e-01 -4.88629e-01 -5.69625e-01 5.08337e-01
 -4.22351e-01 -4.88648e-01 -5.69608e-01 5.08319e-01
 -4.22374e-01 -4.88667e-01 -5.69591e-01 5.08300e-01
 -4.22397e-01 -4.88687e-01 -5.69574e-01 5.08281e-01
 -4.22421e-01 -4.88707e-01 -5.69556e-01 5.08261e-01
 -4.22444e-01 -4.88727e-01 -5.69539e-01 5.08242e-01
 -4.22467e-01 -4.88745e-01 -5.69522e-01 5.08225e-01
 -4.22490e-01 -4.88765e-01 -5.69505e-01 5.08206e-01
 -4.22512e-01 -4.88785e-01 -5.69488e-01 5.08187e-01
 -4.22535e-01 -4.88805e-01 -5.69471e-01 5.08168e-01
 -4.22558e-01 -4.88825e-01 -5.69454e-01 5.08149e-01
 -4.22581e-01 -4.88846e-01 -5.69436e-01 5.08129e-01
 -4.22604e-01 -4.88865e-01 -5.69419e-01 5.08111e-01
 -4.22627e-01 -4.88885e-01 -5.69402e-01 5.08092e-01
 -4.22649e-01 -4.88905e-01 -5.69385e-01 5.08074e-01
 -4.22672e-01 -4.88924e-01 -5.69368e-01 5.08056e-01
 -4.22695e-01 -4.88943e-01 -5.69351e-01 5.08037e-01
 -4.22718e-01 -4.88963e-01 -5.69333e-01 5.08018e-01
 -4.22740e-01 -4.88982e-01 -5.69317e-01 5.07999e-01
 -4.22763e-01 -4.89002e-01 -5.69300e-01 5.07980e-01
 -4.22786e-01 -4.89022e-01 -5.69283e-01 5.07960e-01
 -4.22810e-01 -4.89042e-01 -5.69266e-01 5.07941e-01
 -4.22833e-01 -4.89062e-01 -5.69249e-01 5.07922e-01
 -4.22855e-01 -4.89080e-01 -5.69233e-01 5.07904e-01
 -4.22877e-01 -4.89100e-01 -5.69216e-01 5.07885e-01
 -4.22899e-01 -4.89122e-01 -5.69199e-01 5.07865e-01
 -4.22922e-01 -4.89143e-01 -5.69182e-01 5.07845e-01
 -4.22945e-01 -4.89162e-01 -5.69165e-01 5.07826e-01
 -4.22968e-01 -4.89183e-01 -5.69148e-01 5.07806e-01
 -4.22991e-01 -4.89203e-01 -5.69131e-01 5.07787e-01
 -4.23012e-01 -4.89222e-01 -5.69115e-01 5.07769e-01
 -4.23035e-01 -4.89242e-01 -5.69098e-01 5.07750e-01
 -4.23057e-01 -4.89262e-01 -5.69081e-01 5.07731e-01
 -4.23079e-01 -4.89281e-01 -5.69065e-01 5.07712e-01
 -4.23102e-01 -4.89301e-01 -5.69048e-01 5.07693e-01
 -4.23124e-01 -4.89322e-01 -5.69031e-01 5.07672e-01
 -4.23147e-01 -4.89342e-01 -5.69014e-01 5.07653e-01
 -4.23169e-01 -4.89361e-01 -5.68999e-01 5.07634e-01
 -4.23190e-01 -4.89380e-01 -5.68983e-01 5.07616e-01
 -4.23212e-01 -4.89400e-01 -5.68967e-01 5.07597e-01
 -4.23234e-01 -4.89420e-01 -5.68950e-01 5.07577e-01
 -4.23257e-01 -4.89440e-01 -5.68933e-01 5.07558e-01
 -4.23279e-01 -4.89460e-01 -5.68915e-01 5.07540e-01
 -4.23302e-01 -4.89480e-01 -5.68898e-01 5.07521e-01
 -4.23325e-01 -4.89499e-01 -5.68881e-01 5.07503e-01
 -4.23347e-01 -4.89518e-01 -5.68865e-01 5.07484e-01
 -4.23370e-01 -4.89538e-01 -5.68848e-01 5.07465e-01
 -4.23394e-01 -4.89558e-01 -5.68830e-01 5.07446e-01
 -4.23417e-01 -4.89578e-01 -5.68813e-01 5.07427e-01
 -4.23440e-01 -4.89598e-01 -5.68796e-01 5.07407e-01
 -4.23463e-01 -4.89619e-01 -5.68779e-01 5.07386e-01
 -4.23485e-01 -4.89638e-01 -5.68762e-01 5.07368e-01
 -4.23510e-01 -4.89657e-01 -5.68746e-01 5.07348e-01
 -4.23533e-01 -4.89676e-01 -5.68728e-01 5.07329e-01
 -4.23555e-01 -4.89695e-01 -5.68712e-01 5.07311e-01
 -4.23578e-01 -4.89715e-01 -5.68695e-01 5.07292e-01
 -4.23600e-01 -4.89735e-01 -5.68678e-01 5.07272e-01
 -4.23622e-01 -4.89756e-01 -5.68662e-01 5.07252e-01
 -4.23645e-01 -4.89776e-01 -5.68645e-01 5.07233e-01
 -4.23668e-01 -4.89795e-01 -5.68629e-01 5.07213e-01
 -4.23691e-01 -4.89815e-01 -5.68612e-01 5.07194e-01
 -4.23714e-01 -4.89834e-01 -5.68595e-01 5.07174e-01
 -4.23737e-01 -4.89853e-01 -5.68579e-01 5.07155e-01
 -4.23760e-01 -4.89872e-01 -5.68562e-01 5.07137e-01
 -4.23783e-01 -4.89893e-01 -5.68545e-01 5.07117e-01
 -4.23806e-01 -4.89913e-01 -5.68528e-01 5.07098e-01
 -4.23829e-01 -4.89933e-01 -5.68510e-01 5.07079e-01
 -4.23852e-01 -4.89953e-01 -5.68493e-01 5.07060e-01
 -4.23875e-01 -4.89972e-01 -5.68476e-01 5.07041e-01
 -4.23896e-01 -4.89990e-01 -5.68459e-01 5.07025e-01
 -4.23918e-01 -4.90010e-01 -5.68442e-01 5.07006e-01
 -4.23942e-01 -4.90029e-01 -5.68425e-01 5.06988e-01
 -4.23966e-01 -4.90047e-01 -5.68407e-01 5.06969e-01
 -4.23989e-01 -4.90066e-01 -5.68390e-01 5.06951e-01
 -4.24013e-01 -4.90085e-01 -5.68373e-01 5.06932e-01
 -4.24036e-01 -4.90104e-01 -5.68355e-01 5.06914e-01
 -4.24059e-01 -4.90123e-01 -5.68338e-01 5.06896e-01
 -4.24083e-01 -4.90142e-01 -5.68320e-01 5.06877e-01
 -4.24106e-01 -4.90161e-01 -5.68303e-01 5.06859e-01
 -4.24130e-01 -4.90180e-01 -5.68285e-01 5.06840e-01
 -4.24153e-01 -4.90199e-01 -5.68268e-01 5.06822e-01
 -4.24177e-01 -4.90218e-01 -5.68251e-01 5.06804e-01
 -4.24200e-01 -4.90237e-01 -5.68233e-01 5.06785e-01


SCAN_DURATION 1.34543e+01
INT_TIME 1.87699e-03

ALONG_SCAN_PIXEL_SIZE  8.28148e-03
CROSS_SCAN_PIXEL_SIZE  7.00000e-03

CENTER_GP -1.74751e-01 -1.60303e+00 0.00000e+00
SENSOR_POSITION -1.74373e-01 -1.59965e+00 2.55325e+05
MOUNTING_ANGLES 0.00000e+00 0.00000e+00 0.00000e+00

TOTAL_LINES 7168
TOTAL_SAMPLES 5000




IKCODE  -74021
ISIS_Z_DIRECTION  1.00000e+00
OPTICAL_DIST_COEF -7.34339e-03 2.83758e-05 1.28419e-08
ITRANSS 0.00000e+00 0.00000e+00 1.42857e+02
ITRANSL 0.00000e+00 1.42857e+02 0.00000e+00
DETECTOR_SAMPLE_ORIGIN 2.54346e+03
DETECTOR_LINE_ORIGIN 4.30442e-01
DETECTOR_LINE_OFFSET  0.00000e+00
DETECTOR_SAMPLE_SUMMING  1.00000e+00
STARTING_SAMPLE 1.00000e+00
STARTING_LINE 1.00000e+00
STARTING_EPHEMERIS_TIME 2.18055e+08
CENTER_EPHEMERIS_TIME 2.18055e+08
