RECTIFICATION_TERMS
        1.75000e+04 0.00000e+00 1.00000e+00
        5.00000e+03 1.00000e+00 0.00000e+00
GROUND_ZERO -1.73953e-01 -1.60673e+00 0.00000e+00
LOAD_PT -1.73953e-01 -1.60673e+00 0.00000e+00
COORD_SYSTEM 1
IMAGE_MOTION 0
SENSOR_TYPE USGSAstroLineScanner
SENSOR_MODE UNKNOWN
FOCAL 1.19949e+04
ATMCO 0.00000e+00 0.00000e+00 0.00000e+00 0.00000e+00
IOCOEF_LINE 1.75000e+04 4.17227e+01 0.00000e+00 0.00000e+00 0.00000e+00 0.00000e+00 0.00000e+00 0.00000e+00 0.00000e+00 0.00000e+00
IOCOEF_SAMPLE 5.00000e+03 0.00000e+00 4.16666e+01 0.00000e+00 0.00000e+00 0.00000e+00 0.00000e+00 0.00000e+00 0.00000e+00 0.00000e+00
ABERR    0
ATMREF   0
PLATFORM   1
SOURCE_FLAG  1
SINGLE_EPHEMERIDE  0
TRI_PARAMETERS
0.00000e+00 0.00000e+00 0.00000e+00 0.00000e+00 0.00000e+00 0.00000e+00 0.00000e+00 0.00000e+00 0.00000e+00 0.00000e+00 0.00000e+00 0.00000e+00 0.00000e+00 0.00000e+00 0.00000e+00 1.19949e+04 0.00000e+00 0.00000e+00
T_CENTER  0.00000e+00
DT_EPHEM  6.23557e-02
T0_EPHEM  -3.42956e+00
NUMBER_OF_EPHEM   111
EPHEM_PTS
 -9.14824e+04 -3.60021e+06 -6.33221e+05
 -9.15095e+04 -3.60025e+06 -6.33011e+05
 -9.15367e+04 -3.60029e+06 -6.32801e+05
 -9.15638e+04 -3.60032e+06 -6.32591e+05
 -9.15909e+04 -3.60036e+06 -6.32381e+05
 -9.16181e+04 -3.60040e+06 -6.32171e+05
 -9.16452e+04 -3.60044e+06 -6.31961e+05
 -9.16724e+04 -3.60048e+06 -6.31751e+05
 -9.16995e+04 -3.60051e+06 -6.31541e+05
 -9.17267e+04 -3.60055e+06 -6.31331e+05
 -9.17538e+04 -3.60059e+06 -6.31121e+05
 -9.17810e+04 -3.60063e+06 -6.30912e+05
 -9.18081e+04 -3.60067e+06 -6.30702e+05
 -9.18352e+04 -3.60070e+06 -6.30492e+05
 -9.18624e+04 -3.60074e+06 -6.30282e+05
 -9.18895e+04 -3.60078e+06 -6.30072e+05
 -9.19167e+04 -3.60082e+06 -6.29862e+05
 -9.19438e+04 -3.60086e+06 -6.29652e+05
 -9.19710e+04 -3.60089e+06 -6.29442e+05
 -9.19981e+04 -3.60093e+06 -6.29232e+05
 -9.20253e+04 -3.60097e+06 -6.29022e+05
 -9.20524e+04 -3.60101e+06 -6.28812e+05
 -9.20795e+04 -3.60105e+06 -6.28602e+05
 -9.21067e+04 -3.60108e+06 -6.28392e+05
 -9.21338e+04 -3.60112e+06 -6.28182e+05
 -9.21610e+04 -3.60116e+06 -6.27972e+05
 -9.21881e+04 -3.60120e+06 -6.27762e+05
 -9.22153e+04 -3.60124e+06 -6.27552e+05
 -9.22424e+04 -3.60127e+06 -6.27342e+05
 -9.22696e+04 -3.60131e+06 -6.27132e+05
 -9.22967e+04 -3.60135e+06 -6.26922e+05
 -9.23238e+04 -3.60139e+06 -6.26712e+05
 -9.23510e+04 -3.60143e+06 -6.26502e+05
 -9.23781e+04 -3.60146e+06 -6.26292e+05
 -9.24053e+04 -3.60150e+06 -6.26082e+05
 -9.24324e+04 -3.60154e+06 -6.25873e+05
 -9.24596e+04 -3.60158e+06 -6.25663e+05
 -9.24867e+04 -3.60161e+06 -6.25453e+05
 -9.25139e+04 -3.60165e+06 -6.25243e+05
 -9.25410e+04 -3.60169e+06 -6.25033e+05
 -9.25682e+04 -3.60173e+06 -6.24823e+05
 -9.25953e+04 -3.60176e+06 -6.24613e+05
 -9.26224e+04 -3.60180e+06 -6.24403e+05
 -9.26496e+04 -3.60184e+06 -6.24193e+05
 -9.26767e+04 -3.60188e+06 -6.23983e+05
 -9.27039e+04 -3.60192e+06 -6.23773e+05
 -9.27310e+04 -3.60195e+06 -6.23563e+05
 -9.27582e+04 -3.60199e+06 -6.23353e+05
 -9.27853e+04 -3.60203e+06 -6.23143e+05
 -9.28125e+04 -3.60207e+06 -6.22933e+05
 -9.28396e+04 -3.60210e+06 -6.22723e+05
 -9.28668e+04 -3.60214e+06 -6.22512e+05
 -9.28939e+04 -3.60218e+06 -6.22302e+05
 -9.29210e+04 -3.60222e+06 -6.22092e+05
 -9.29482e+04 -3.60225e+06 -6.21882e+05
 -9.29753e+04 -3.60229e+06 -6.21672e+05
 -9.30025e+04 -3.60233e+06 -6.21462e+05
 -9.30296e+04 -3.60237e+06 -6.21252e+05
 -9.30568e+04 -3.60240e+06 -6.21042e+05
 -9.30839e+04 -3.60244e+06 -6.20832e+05
 -9.31111e+04 -3.60248e+06 -6.20622e+05
 -9.31382e+04 -3.60252e+06 -6.20412e+05
 -9.31654e+04 -3.60255e+06 -6.20202e+05
 -9.31925e+04 -3.60259e+06 -6.19992e+05
 -9.32196e+04 -3.60263e+06 -6.19782e+05
 -9.32468e+04 -3.60267e+06 -6.19572e+05
 -9.32739e+04 -3.60270e+06 -6.19362e+05
 -9.33011e+04 -3.60274e+06 -6.19152e+05
 -9.33282e+04 -3.60278e+06 -6.18942e+05
 -9.33554e+04 -3.60282e+06 -6.18732e+05
 -9.33825e+04 -3.60285e+06 -6.18522e+05
 -9.34097e+04 -3.60289e+06 -6.18312e+05
 -9.34368e+04 -3.60293e+06 -6.18102e+05
 -9.34640e+04 -3.60296e+06 -6.17892e+05
 -9.34911e+04 -3.60300e+06 -6.17682e+05
 -9.35183e+04 -3.60304e+06 -6.17471e+05
 -9.35454e+04 -3.60308e+06 -6.17261e+05
 -9.35725e+04 -3.60311e+06 -6.17051e+05
 -9.35997e+04 -3.60315e+06 -6.16841e+05
 -9.36268e+04 -3.60319e+06 -6.16631e+05
 -9.36540e+04 -3.60323e+06 -6.16421e+05
 -9.36811e+04 -3.60326e+06 -6.16211e+05
 -9.37083e+04 -3.60330e+06 -6.16001e+05
 -9.37354e+04 -3.60334e+06 -6.15791e+05
 -9.37626e+04 -3.60337e+06 -6.15581e+05
 -9.37897e+04 -3.60341e+06 -6.15371e+05
 -9.38169e+04 -3.60345e+06 -6.15161e+05
 -9.38440e+04 -3.60349e+06 -6.14950e+05
 -9.38711e+04 -3.60352e+06 -6.14740e+05
 -9.38983e+04 -3.60356e+06 -6.14530e+05
 -9.39254e+04 -3.60360e+06 -6.14320e+05
 -9.39526e+04 -3.60363e+06 -6.14110e+05
 -9.39797e+04 -3.60367e+06 -6.13900e+05
 -9.40069e+04 -3.60371e+06 -6.13690e+05
 -9.40340e+04 -3.60375e+06 -6.13480e+05
 -9.40612e+04 -3.60378e+06 -6.13270e+05
 -9.40883e+04 -3.60382e+06 -6.13060e+05
 -9.41155e+04 -3.60386e+06 -6.12849e+05
 -9.41426e+04 -3.60389e+06 -6.12639e+05
 -9.41698e+04 -3.60393e+06 -6.12429e+05
 -9.41969e+04 -3.60397e+06 -6.12219e+05
 -9.42240e+04 -3.60400e+06 -6.12009e+05
 -9.42512e+04 -3.60404e+06 -6.11799e+05
 -9.42783e+04 -3.60408e+06 -6.11589e+05
 -9.43055e+04 -3.60412e+06 -6.11379e+05
 -9.43326e+04 -3.60415e+06 -6.11168e+05
 -9.43598e+04 -3.60419e+06 -6.10958e+05
 -9.43869e+04 -3.60423e+06 -6.10748e+05
 -9.44141e+04 -3.60426e+06 -6.10538e+05
 -9.44412e+04 -3.60430e+06 -6.10328e+05
 -9.44684e+04 -3.60434e+06 -6.10118e+05


EPHEM_RATES
 -4.35314e+02 -6.10647e+02 3.36666e+03
 -4.35314e+02 -6.10647e+02 3.36666e+03
 -4.35314e+02 -6.10647e+02 3.36666e+03
 -4.35314e+02 -6.10647e+02 3.36666e+03
 -4.35314e+02 -6.10647e+02 3.36666e+03
 -4.35314e+02 -6.10647e+02 3.36666e+03
 -4.35314e+02 -6.10647e+02 3.36666e+03
 -4.35314e+02 -6.10647e+02 3.36666e+03
 -4.35314e+02 -6.10647e+02 3.36666e+03
 -4.35314e+02 -6.10647e+02 3.36666e+03
 -4.35314e+02 -6.10647e+02 3.36666e+03
 -4.35315e+02 -6.10547e+02 3.36668e+03
 -4.35315e+02 -6.10347e+02 3.36671e+03
 -4.35316e+02 -6.10147e+02 3.36675e+03
 -4.35316e+02 -6.09947e+02 3.36678e+03
 -4.35316e+02 -6.09747e+02 3.36682e+03
 -4.35317e+02 -6.09547e+02 3.36685e+03
 -4.35317e+02 -6.09347e+02 3.36689e+03
 -4.35318e+02 -6.09147e+02 3.36692e+03
 -4.35318e+02 -6.08947e+02 3.36696e+03
 -4.35319e+02 -6.08747e+02 3.36699e+03
 -4.35319e+02 -6.08547e+02 3.36702e+03
 -4.35320e+02 -6.08347e+02 3.36706e+03
 -4.35320e+02 -6.08147e+02 3.36709e+03
 -4.35321e+02 -6.07947e+02 3.36713e+03
 -4.35321e+02 -6.07747e+02 3.36716e+03
 -4.35321e+02 -6.07547e+02 3.36720e+03
 -4.35322e+02 -6.07347e+02 3.36723e+03
 -4.35322e+02 -6.07147e+02 3.36727e+03
 -4.35323e+02 -6.06947e+02 3.36730e+03
 -4.35323e+02 -6.06747e+02 3.36734e+03
 -4.35324e+02 -6.06547e+02 3.36737e+03
 -4.35324e+02 -6.06347e+02 3.36740e+03
 -4.35324e+02 -6.06147e+02 3.36744e+03
 -4.35325e+02 -6.05947e+02 3.36747e+03
 -4.35325e+02 -6.05747e+02 3.36751e+03
 -4.35326e+02 -6.05547e+02 3.36754e+03
 -4.35326e+02 -6.05347e+02 3.36758e+03
 -4.35327e+02 -6.05147e+02 3.36761e+03
 -4.35327e+02 -6.04947e+02 3.36765e+03
 -4.35327e+02 -6.04747e+02 3.36768e+03
 -4.35328e+02 -6.04547e+02 3.36771e+03
 -4.35328e+02 -6.04347e+02 3.36775e+03
 -4.35328e+02 -6.04147e+02 3.36778e+03
 -4.35329e+02 -6.03947e+02 3.36782e+03
 -4.35329e+02 -6.03747e+02 3.36785e+03
 -4.35330e+02 -6.03547e+02 3.36789e+03
 -4.35330e+02 -6.03347e+02 3.36792e+03
 -4.35330e+02 -6.03147e+02 3.36796e+03
 -4.35331e+02 -6.02946e+02 3.36799e+03
 -4.35331e+02 -6.02746e+02 3.36802e+03
 -4.35331e+02 -6.02546e+02 3.36806e+03
 -4.35332e+02 -6.02346e+02 3.36809e+03
 -4.35332e+02 -6.02146e+02 3.36813e+03
 -4.35333e+02 -6.01946e+02 3.36816e+03
 -4.35333e+02 -6.01746e+02 3.36820e+03
 -4.35333e+02 -6.01546e+02 3.36823e+03
 -4.35334e+02 -6.01346e+02 3.36826e+03
 -4.35334e+02 -6.01146e+02 3.36830e+03
 -4.35334e+02 -6.00946e+02 3.36833e+03
 -4.35335e+02 -6.00746e+02 3.36837e+03
 -4.35335e+02 -6.00546e+02 3.36840e+03
 -4.35335e+02 -6.00346e+02 3.36843e+03
 -4.35336e+02 -6.00146e+02 3.36847e+03
 -4.35336e+02 -5.99946e+02 3.36850e+03
 -4.35336e+02 -5.99745e+02 3.36854e+03
 -4.35336e+02 -5.99545e+02 3.36857e+03
 -4.35337e+02 -5.99345e+02 3.36861e+03
 -4.35337e+02 -5.99145e+02 3.36864e+03
 -4.35337e+02 -5.98945e+02 3.36867e+03
 -4.35338e+02 -5.98745e+02 3.36871e+03
 -4.35338e+02 -5.98545e+02 3.36874e+03
 -4.35338e+02 -5.98345e+02 3.36878e+03
 -4.35339e+02 -5.98145e+02 3.36881e+03
 -4.35339e+02 -5.97945e+02 3.36884e+03
 -4.35339e+02 -5.97745e+02 3.36888e+03
 -4.35339e+02 -5.97545e+02 3.36891e+03
 -4.35340e+02 -5.97344e+02 3.36895e+03
 -4.35340e+02 -5.97144e+02 3.36898e+03
 -4.35340e+02 -5.96944e+02 3.36901e+03
 -4.35341e+02 -5.96744e+02 3.36905e+03
 -4.35341e+02 -5.96544e+02 3.36908e+03
 -4.35341e+02 -5.96344e+02 3.36912e+03
 -4.35341e+02 -5.96144e+02 3.36915e+03
 -4.35342e+02 -5.95944e+02 3.36918e+03
 -4.35342e+02 -5.95744e+02 3.36922e+03
 -4.35342e+02 -5.95544e+02 3.36925e+03
 -4.35342e+02 -5.95343e+02 3.36928e+03
 -4.35343e+02 -5.95143e+02 3.36932e+03
 -4.35343e+02 -5.94943e+02 3.36935e+03
 -4.35343e+02 -5.94743e+02 3.36939e+03
 -4.35343e+02 -5.94543e+02 3.36942e+03
 -4.35343e+02 -5.94343e+02 3.36945e+03
 -4.35344e+02 -5.94143e+02 3.36949e+03
 -4.35344e+02 -5.93943e+02 3.36952e+03
 -4.35344e+02 -5.93742e+02 3.36956e+03
 -4.35344e+02 -5.93542e+02 3.36959e+03
 -4.35345e+02 -5.93342e+02 3.36962e+03
 -4.35345e+02 -5.93142e+02 3.36966e+03
 -4.35345e+02 -5.92942e+02 3.36969e+03
 -4.35345e+02 -5.92842e+02 3.36971e+03
 -4.35345e+02 -5.92842e+02 3.36971e+03
 -4.35345e+02 -5.92842e+02 3.36971e+03
 -4.35345e+02 -5.92842e+02 3.36971e+03
 -4.35345e+02 -5.92842e+02 3.36971e+03
 -4.35345e+02 -5.92842e+02 3.36971e+03
 -4.35345e+02 -5.92842e+02 3.36971e+03
 -4.35345e+02 -5.92842e+02 3.36971e+03
 -4.35345e+02 -5.92842e+02 3.36971e+03
 -4.35345e+02 -5.92842e+02 3.36971e+03
 -4.35345e+02 -5.92842e+02 3.36971e+03


DT_QUAT 4.68956e-02
T0_QUAT -3.28269e+00
NUMBER_OF_QUATERNIONS  141
QUATERNIONS
 -3.95791e-01 -5.10895e-01 -5.49196e-01 5.29827e-01
 -3.95805e-01 -5.10906e-01 -5.49186e-01 5.29817e-01
 -3.95818e-01 -5.10917e-01 -5.49176e-01 5.29807e-01
 -3.95831e-01 -5.10928e-01 -5.49166e-01 5.29797e-01
 -3.95845e-01 -5.10938e-01 -5.49156e-01 5.29787e-01
 -3.95858e-01 -5.10949e-01 -5.49146e-01 5.29777e-01
 -3.95872e-01 -5.10960e-01 -5.49136e-01 5.29767e-01
 -3.95885e-01 -5.10971e-01 -5.49126e-01 5.29757e-01
 -3.95899e-01 -5.10982e-01 -5.49116e-01 5.29747e-01
 -3.95912e-01 -5.10992e-01 -5.49106e-01 5.29737e-01
 -3.95926e-01 -5.11003e-01 -5.49096e-01 5.29726e-01
 -3.95939e-01 -5.11014e-01 -5.49086e-01 5.29716e-01
 -3.95953e-01 -5.11025e-01 -5.49076e-01 5.29706e-01
 -3.95966e-01 -5.11036e-01 -5.49066e-01 5.29696e-01
 -3.95980e-01 -5.11046e-01 -5.49056e-01 5.29686e-01
 -3.95993e-01 -5.11057e-01 -5.49046e-01 5.29676e-01
 -3.96007e-01 -5.11068e-01 -5.49036e-01 5.29666e-01
 -3.96020e-01 -5.11079e-01 -5.49026e-01 5.29656e-01
 -3.96034e-01 -5.11090e-01 -5.49016e-01 5.29646e-01
 -3.96047e-01 -5.11100e-01 -5.49006e-01 5.29636e-01
 -3.96061e-01 -5.11111e-01 -5.48996e-01 5.29626e-01
 -3.96074e-01 -5.11122e-01 -5.48986e-01 5.29616e-01
 -3.96088e-01 -5.11133e-01 -5.48976e-01 5.29605e-01
 -3.96101e-01 -5.11143e-01 -5.48965e-01 5.29595e-01
 -3.96115e-01 -5.11154e-01 -5.48955e-01 5.29585e-01
 -3.96128e-01 -5.11165e-01 -5.48945e-01 5.29575e-01
 -3.96142e-01 -5.11176e-01 -5.48935e-01 5.29565e-01
 -3.96155e-01 -5.11186e-01 -5.48925e-01 5.29555e-01
 -3.96169e-01 -5.11197e-01 -5.48915e-01 5.29545e-01
 -3.96182e-01 -5.11208e-01 -5.48905e-01 5.29535e-01
 -3.96196e-01 -5.11219e-01 -5.48895e-01 5.29525e-01
 -3.96209e-01 -5.11229e-01 -5.48885e-01 5.29515e-01
 -3.96223e-01 -5.11240e-01 -5.48875e-01 5.29504e-01
 -3.96236e-01 -5.11251e-01 -5.48865e-01 5.29494e-01
 -3.96250e-01 -5.11262e-01 -5.48855e-01 5.29484e-01
 -3.96263e-01 -5.11272e-01 -5.48846e-01 5.29474e-01
 -3.96277e-01 -5.11283e-01 -5.48836e-01 5.29464e-01
 -3.96290e-01 -5.11294e-01 -5.48826e-01 5.29454e-01
 -3.96304e-01 -5.11305e-01 -5.48816e-01 5.29444e-01
 -3.96317e-01 -5.11315e-01 -5.48806e-01 5.29434e-01
 -3.96331e-01 -5.11326e-01 -5.48796e-01 5.29423e-01
 -3.96344e-01 -5.11337e-01 -5.48786e-01 5.29413e-01
 -3.96358e-01 -5.11347e-01 -5.48776e-01 5.29403e-01
 -3.96371e-01 -5.11358e-01 -5.48766e-01 5.29393e-01
 -3.96385e-01 -5.11369e-01 -5.48756e-01 5.29383e-01
 -3.96398e-01 -5.11380e-01 -5.48746e-01 5.29373e-01
 -3.96412e-01 -5.11390e-01 -5.48736e-01 5.29363e-01
 -3.96425e-01 -5.11401e-01 -5.48726e-01 5.29352e-01
 -3.96439e-01 -5.11412e-01 -5.48716e-01 5.29342e-01
 -3.96452e-01 -5.11422e-01 -5.48706e-01 5.29332e-01
 -3.96466e-01 -5.11433e-01 -5.48696e-01 5.29322e-01
 -3.96479e-01 -5.11444e-01 -5.48686e-01 5.29312e-01
 -3.96493e-01 -5.11455e-01 -5.48676e-01 5.29302e-01
 -3.96506e-01 -5.11465e-01 -5.48666e-01 5.29292e-01
 -3.96520e-01 -5.11476e-01 -5.48656e-01 5.29281e-01
 -3.96533e-01 -5.11487e-01 -5.48646e-01 5.29271e-01
 -3.96547e-01 -5.11497e-01 -5.48636e-01 5.29261e-01
 -3.96560e-01 -5.11508e-01 -5.48626e-01 5.29251e-01
 -3.96574e-01 -5.11519e-01 -5.48617e-01 5.29241e-01
 -3.96587e-01 -5.11529e-01 -5.48607e-01 5.29231e-01
 -3.96601e-01 -5.11540e-01 -5.48597e-01 5.29220e-01
 -3.96614e-01 -5.11551e-01 -5.48587e-01 5.29210e-01
 -3.96628e-01 -5.11561e-01 -5.48577e-01 5.29200e-01
 -3.96641e-01 -5.11572e-01 -5.48567e-01 5.29190e-01
 -3.96655e-01 -5.11583e-01 -5.48557e-01 5.29180e-01
 -3.96669e-01 -5.11593e-01 -5.48547e-01 5.29169e-01
 -3.96682e-01 -5.11604e-01 -5.48537e-01 5.29159e-01
 -3.96696e-01 -5.11615e-01 -5.48527e-01 5.29149e-01
 -3.96709e-01 -5.11625e-01 -5.48517e-01 5.29139e-01
 -3.96723e-01 -5.11636e-01 -5.48508e-01 5.29129e-01
 -3.96736e-01 -5.11647e-01 -5.48498e-01 5.29119e-01
 -3.96750e-01 -5.11657e-01 -5.48488e-01 5.29108e-01
 -3.96763e-01 -5.11668e-01 -5.48478e-01 5.29098e-01
 -3.96777e-01 -5.11679e-01 -5.48468e-01 5.29088e-01
 -3.96790e-01 -5.11689e-01 -5.48458e-01 5.29078e-01
 -3.96804e-01 -5.11700e-01 -5.48448e-01 5.29068e-01
 -3.96817e-01 -5.11711e-01 -5.48438e-01 5.29057e-01
 -3.96831e-01 -5.11721e-01 -5.48428e-01 5.29047e-01
 -3.96845e-01 -5.11732e-01 -5.48419e-01 5.29037e-01
 -3.96858e-01 -5.11742e-01 -5.48409e-01 5.29027e-01
 -3.96872e-01 -5.11753e-01 -5.48399e-01 5.29016e-01
 -3.96885e-01 -5.11764e-01 -5.48389e-01 5.29006e-01
 -3.96899e-01 -5.11774e-01 -5.48379e-01 5.28996e-01
 -3.96912e-01 -5.11785e-01 -5.48369e-01 5.28986e-01
 -3.96926e-01 -5.11796e-01 -5.48359e-01 5.28976e-01
 -3.96939e-01 -5.11806e-01 -5.48350e-01 5.28965e-01
 -3.96953e-01 -5.11817e-01 -5.48340e-01 5.28955e-01
 -3.96966e-01 -5.11827e-01 -5.48330e-01 5.28945e-01
 -3.96980e-01 -5.11838e-01 -5.48320e-01 5.28935e-01
 -3.96994e-01 -5.11849e-01 -5.48310e-01 5.28924e-01
 -3.97007e-01 -5.11859e-01 -5.48300e-01 5.28914e-01
 -3.97021e-01 -5.11870e-01 -5.48290e-01 5.28904e-01
 -3.97034e-01 -5.11881e-01 -5.48281e-01 5.28894e-01
 -3.97048e-01 -5.11891e-01 -5.48271e-01 5.28883e-01
 -3.97061e-01 -5.11902e-01 -5.48261e-01 5.28873e-01
 -3.97075e-01 -5.11912e-01 -5.48251e-01 5.28863e-01
 -3.97088e-01 -5.11923e-01 -5.48241e-01 5.28853e-01
 -3.97102e-01 -5.11934e-01 -5.48231e-01 5.28842e-01
 -3.97116e-01 -5.11944e-01 -5.48222e-01 5.28832e-01
 -3.97129e-01 -5.11955e-01 -5.48212e-01 5.28822e-01
 -3.97143e-01 -5.11965e-01 -5.48202e-01 5.28812e-01
 -3.97156e-01 -5.11976e-01 -5.48192e-01 5.28801e-01
 -3.97170e-01 -5.11986e-01 -5.48182e-01 5.28791e-01
 -3.97183e-01 -5.11997e-01 -5.48172e-01 5.28781e-01
 -3.97197e-01 -5.12008e-01 -5.48163e-01 5.28771e-01
 -3.97211e-01 -5.12018e-01 -5.48153e-01 5.28760e-01
 -3.97224e-01 -5.12029e-01 -5.48143e-01 5.28750e-01
 -3.97238e-01 -5.12039e-01 -5.48133e-01 5.28740e-01
 -3.97251e-01 -5.12050e-01 -5.48123e-01 5.28730e-01
 -3.97265e-01 -5.12061e-01 -5.48114e-01 5.28719e-01
 -3.97278e-01 -5.12071e-01 -5.48104e-01 5.28709e-01
 -3.97292e-01 -5.12082e-01 -5.48094e-01 5.28699e-01
 -3.97306e-01 -5.12092e-01 -5.48084e-01 5.28688e-01
 -3.97319e-01 -5.12103e-01 -5.48075e-01 5.28678e-01
 -3.97333e-01 -5.12113e-01 -5.48065e-01 5.28668e-01
 -3.97346e-01 -5.12124e-01 -5.48055e-01 5.28658e-01
 -3.97360e-01 -5.12134e-01 -5.48045e-01 5.28647e-01
 -3.97373e-01 -5.12145e-01 -5.48035e-01 5.28637e-01
 -3.97387e-01 -5.12156e-01 -5.48026e-01 5.28627e-01
 -3.97401e-01 -5.12166e-01 -5.48016e-01 5.28616e-01
 -3.97414e-01 -5.12177e-01 -5.48006e-01 5.28606e-01
 -3.97428e-01 -5.12187e-01 -5.47996e-01 5.28596e-01
 -3.97441e-01 -5.12198e-01 -5.47987e-01 5.28586e-01
 -3.97455e-01 -5.12208e-01 -5.47977e-01 5.28575e-01
 -3.97469e-01 -5.12219e-01 -5.47967e-01 5.28565e-01
 -3.97482e-01 -5.12229e-01 -5.47957e-01 5.28555e-01
 -3.97496e-01 -5.12240e-01 -5.47947e-01 5.28544e-01
 -3.97509e-01 -5.12250e-01 -5.47938e-01 5.28534e-01
 -3.97523e-01 -5.12261e-01 -5.47928e-01 5.28524e-01
 -3.97536e-01 -5.12271e-01 -5.47918e-01 5.28513e-01
 -3.97550e-01 -5.12282e-01 -5.47908e-01 5.28503e-01
 -3.97564e-01 -5.12292e-01 -5.47899e-01 5.28493e-01
 -3.97577e-01 -5.12303e-01 -5.47889e-01 5.28482e-01
 -3.97591e-01 -5.12313e-01 -5.47879e-01 5.28472e-01
 -3.97604e-01 -5.12324e-01 -5.47870e-01 5.28462e-01
 -3.97618e-01 -5.12335e-01 -5.47860e-01 5.28451e-01
 -3.97632e-01 -5.12345e-01 -5.47850e-01 5.28441e-01
 -3.97645e-01 -5.12356e-01 -5.47840e-01 5.28431e-01
 -3.97659e-01 -5.12366e-01 -5.47831e-01 5.28420e-01
 -3.97672e-01 -5.12377e-01 -5.47821e-01 5.28410e-01
 -3.97686e-01 -5.12387e-01 -5.47811e-01 5.28400e-01


SCAN_DURATION 5.67437e+00
INT_TIME 1.62124e-04

ALONG_SCAN_PIXEL_SIZE  2.39677e-02
CROSS_SCAN_PIXEL_SIZE  2.40000e-02

CENTER_GP -1.73953e-01 -1.60673e+00 0.00000e+00
SENSOR_POSITION -1.72826e-01 -1.59660e+00 2.57395e+05
MOUNTING_ANGLES 0.00000e+00 0.00000e+00 0.00000e+00

TOTAL_LINES 35000
TOTAL_SAMPLES 10000




IKCODE  -74699
ISIS_Z_DIRECTION  1.00000e+00
OPTICAL_DIST_COEF 0.00000e+00 0.00000e+00 0.00000e+00
ITRANSS 0.00000e+00 0.00000e+00 -4.16666e+01
ITRANSL 3.87491e+03 4.16666e+01 0.00000e+00
DETECTOR_SAMPLE_ORIGIN 5.00050e+03
DETECTOR_LINE_ORIGIN 0.00000e+00
DETECTOR_LINE_OFFSET  0.00000e+00
DETECTOR_SAMPLE_SUMMING  1.00000e+00
STARTING_SAMPLE 1.00000e+00
STARTING_LINE 1.00000e+00
STARTING_EPHEMERIS_TIME 3.98801e+08
CENTER_EPHEMERIS_TIME 3.98801e+08
