RECTIFICATION_TERMS
        3.00000e+04 0.00000e+00 1.00000e+00
        1.00000e+04 1.00000e+00 0.00000e+00
GROUND_ZERO -1.74024e-01 -1.60194e+00 0.00000e+00
LOAD_PT -1.74024e-01 -1.60194e+00 0.00000e+00
COORD_SYSTEM 1
IMAGE_MOTION 0
SENSOR_TYPE USGSAstroLineScanner
SENSOR_MODE UNKNOWN
FOCAL 1.19949e+04
ATMCO 0.00000e+00 0.00000e+00 0.00000e+00 0.00000e+00
IOCOEF_LINE 3.00000e+04 8.34013e+01 0.00000e+00 0.00000e+00 0.00000e+00 0.00000e+00 0.00000e+00 0.00000e+00 0.00000e+00 0.00000e+00
IOCOEF_SAMPLE 1.00000e+04 0.00000e+00 8.33333e+01 0.00000e+00 0.00000e+00 0.00000e+00 0.00000e+00 0.00000e+00 0.00000e+00 0.00000e+00
ABERR    0
ATMREF   0
PLATFORM   1
SOURCE_FLAG  1
SINGLE_EPHEMERIDE  0
TRI_PARAMETERS
0.00000e+00 0.00000e+00 0.00000e+00 0.00000e+00 0.00000e+00 0.00000e+00 0.00000e+00 0.00000e+00 0.00000e+00 0.00000e+00 0.00000e+00 0.00000e+00 0.00000e+00 0.00000e+00 0.00000e+00 1.19949e+04 0.00000e+00 0.00000e+00
T_CENTER  0.00000e+00
DT_EPHEM  2.43749e-02
T0_EPHEM  -2.68124e+00
NUMBER_OF_EPHEM   221
EPHEM_PTS
 -6.90396e+04 -3.60169e+06 -6.30370e+05
 -6.90501e+04 -3.60171e+06 -6.30288e+05
 -6.90606e+04 -3.60172e+06 -6.30206e+05
 -6.90711e+04 -3.60174e+06 -6.30124e+05
 -6.90816e+04 -3.60175e+06 -6.30042e+05
 -6.90921e+04 -3.60177e+06 -6.29960e+05
 -6.91027e+04 -3.60178e+06 -6.29878e+05
 -6.91132e+04 -3.60179e+06 -6.29796e+05
 -6.91237e+04 -3.60181e+06 -6.29714e+05
 -6.91342e+04 -3.60182e+06 -6.29632e+05
 -6.91447e+04 -3.60184e+06 -6.29550e+05
 -6.91552e+04 -3.60185e+06 -6.29468e+05
 -6.91657e+04 -3.60187e+06 -6.29386e+05
 -6.91762e+04 -3.60188e+06 -6.29304e+05
 -6.91867e+04 -3.60190e+06 -6.29222e+05
 -6.91973e+04 -3.60191e+06 -6.29139e+05
 -6.92078e+04 -3.60193e+06 -6.29057e+05
 -6.92183e+04 -3.60194e+06 -6.28975e+05
 -6.92288e+04 -3.60196e+06 -6.28893e+05
 -6.92393e+04 -3.60197e+06 -6.28811e+05
 -6.92498e+04 -3.60199e+06 -6.28729e+05
 -6.92603e+04 -3.60200e+06 -6.28647e+05
 -6.92708e+04 -3.60202e+06 -6.28565e+05
 -6.92813e+04 -3.60203e+06 -6.28483e+05
 -6.92919e+04 -3.60205e+06 -6.28401e+05
 -6.93024e+04 -3.60206e+06 -6.28319e+05
 -6.93129e+04 -3.60208e+06 -6.28237e+05
 -6.93234e+04 -3.60209e+06 -6.28155e+05
 -6.93339e+04 -3.60211e+06 -6.28073e+05
 -6.93444e+04 -3.60212e+06 -6.27991e+05
 -6.93549e+04 -3.60214e+06 -6.27908e+05
 -6.93654e+04 -3.60215e+06 -6.27826e+05
 -6.93759e+04 -3.60217e+06 -6.27744e+05
 -6.93865e+04 -3.60218e+06 -6.27662e+05
 -6.93970e+04 -3.60220e+06 -6.27580e+05
 -6.94075e+04 -3.60221e+06 -6.27498e+05
 -6.94180e+04 -3.60223e+06 -6.27416e+05
 -6.94285e+04 -3.60224e+06 -6.27334e+05
 -6.94390e+04 -3.60226e+06 -6.27252e+05
 -6.94495e+04 -3.60227e+06 -6.27170e+05
 -6.94600e+04 -3.60229e+06 -6.27088e+05
 -6.94706e+04 -3.60230e+06 -6.27006e+05
 -6.94811e+04 -3.60232e+06 -6.26924e+05
 -6.94916e+04 -3.60233e+06 -6.26842e+05
 -6.95021e+04 -3.60234e+06 -6.26759e+05
 -6.95126e+04 -3.60236e+06 -6.26677e+05
 -6.95231e+04 -3.60237e+06 -6.26595e+05
 -6.95336e+04 -3.60239e+06 -6.26513e+05
 -6.95441e+04 -3.60240e+06 -6.26431e+05
 -6.95547e+04 -3.60242e+06 -6.26349e+05
 -6.95652e+04 -3.60243e+06 -6.26267e+05
 -6.95757e+04 -3.60245e+06 -6.26185e+05
 -6.95862e+04 -3.60246e+06 -6.26103e+05
 -6.95967e+04 -3.60248e+06 -6.26021e+05
 -6.96072e+04 -3.60249e+06 -6.25939e+05
 -6.96177e+04 -3.60251e+06 -6.25857e+05
 -6.96282e+04 -3.60252e+06 -6.25775e+05
 -6.96387e+04 -3.60254e+06 -6.25692e+05
 -6.96493e+04 -3.60255e+06 -6.25610e+05
 -6.96598e+04 -3.60257e+06 -6.25528e+05
 -6.96703e+04 -3.60258e+06 -6.25446e+05
 -6.96808e+04 -3.60260e+06 -6.25364e+05
 -6.96913e+04 -3.60261e+06 -6.25282e+05
 -6.97018e+04 -3.60263e+06 -6.25200e+05
 -6.97123e+04 -3.60264e+06 -6.25118e+05
 -6.97228e+04 -3.60266e+06 -6.25036e+05
 -6.97334e+04 -3.60267e+06 -6.24954e+05
 -6.97439e+04 -3.60269e+06 -6.24872e+05
 -6.97544e+04 -3.60270e+06 -6.24790e+05
 -6.97649e+04 -3.60271e+06 -6.24707e+05
 -6.97754e+04 -3.60273e+06 -6.24625e+05
 -6.97859e+04 -3.60274e+06 -6.24543e+05
 -6.97964e+04 -3.60276e+06 -6.24461e+05
 -6.98069e+04 -3.60277e+06 -6.24379e+05
 -6.98175e+04 -3.60279e+06 -6.24297e+05
 -6.98280e+04 -3.60280e+06 -6.24215e+05
 -6.98385e+04 -3.60282e+06 -6.24133e+05
 -6.98490e+04 -3.60283e+06 -6.24051e+05
 -6.98595e+04 -3.60285e+06 -6.23969e+05
 -6.98700e+04 -3.60286e+06 -6.23887e+05
 -6.98805e+04 -3.60288e+06 -6.23805e+05
 -6.98910e+04 -3.60289e+06 -6.23722e+05
 -6.99016e+04 -3.60291e+06 -6.23640e+05
 -6.99121e+04 -3.60292e+06 -6.23558e+05
 -6.99226e+04 -3.60294e+06 -6.23476e+05
 -6.99331e+04 -3.60295e+06 -6.23394e+05
 -6.99436e+04 -3.60297e+06 -6.23312e+05
 -6.99541e+04 -3.60298e+06 -6.23230e+05
 -6.99646e+04 -3.60300e+06 -6.23148e+05
 -6.99751e+04 -3.60301e+06 -6.23066e+05
 -6.99857e+04 -3.60302e+06 -6.22984e+05
 -6.99962e+04 -3.60304e+06 -6.22902e+05
 -7.00067e+04 -3.60305e+06 -6.22819e+05
 -7.00172e+04 -3.60307e+06 -6.22737e+05
 -7.00277e+04 -3.60308e+06 -6.22655e+05
 -7.00382e+04 -3.60310e+06 -6.22573e+05
 -7.00487e+04 -3.60311e+06 -6.22491e+05
 -7.00592e+04 -3.60313e+06 -6.22409e+05
 -7.00698e+04 -3.60314e+06 -6.22327e+05
 -7.00803e+04 -3.60316e+06 -6.22245e+05
 -7.00908e+04 -3.60317e+06 -6.22163e+05
 -7.01013e+04 -3.60319e+06 -6.22081e+05
 -7.01118e+04 -3.60320e+06 -6.21999e+05
 -7.01223e+04 -3.60322e+06 -6.21916e+05
 -7.01328e+04 -3.60323e+06 -6.21834e+05
 -7.01433e+04 -3.60325e+06 -6.21752e+05
 -7.01539e+04 -3.60326e+06 -6.21670e+05
 -7.01644e+04 -3.60328e+06 -6.21588e+05
 -7.01749e+04 -3.60329e+06 -6.21506e+05
 -7.01854e+04 -3.60330e+06 -6.21424e+05
 -7.01959e+04 -3.60332e+06 -6.21342e+05
 -7.02064e+04 -3.60333e+06 -6.21260e+05
 -7.02169e+04 -3.60335e+06 -6.21178e+05
 -7.02274e+04 -3.60336e+06 -6.21095e+05
 -7.02380e+04 -3.60338e+06 -6.21013e+05
 -7.02485e+04 -3.60339e+06 -6.20931e+05
 -7.02590e+04 -3.60341e+06 -6.20849e+05
 -7.02695e+04 -3.60342e+06 -6.20767e+05
 -7.02800e+04 -3.60344e+06 -6.20685e+05
 -7.02905e+04 -3.60345e+06 -6.20603e+05
 -7.03010e+04 -3.60347e+06 -6.20521e+05
 -7.03116e+04 -3.60348e+06 -6.20439e+05
 -7.03221e+04 -3.60350e+06 -6.20357e+05
 -7.03326e+04 -3.60351e+06 -6.20274e+05
 -7.03431e+04 -3.60352e+06 -6.20192e+05
 -7.03536e+04 -3.60354e+06 -6.20110e+05
 -7.03641e+04 -3.60355e+06 -6.20028e+05
 -7.03746e+04 -3.60357e+06 -6.19946e+05
 -7.03851e+04 -3.60358e+06 -6.19864e+05
 -7.03957e+04 -3.60360e+06 -6.19782e+05
 -7.04062e+04 -3.60361e+06 -6.19700e+05
 -7.04167e+04 -3.60363e+06 -6.19618e+05
 -7.04272e+04 -3.60364e+06 -6.19536e+05
 -7.04377e+04 -3.60366e+06 -6.19453e+05
 -7.04482e+04 -3.60367e+06 -6.19371e+05
 -7.04587e+04 -3.60369e+06 -6.19289e+05
 -7.04692e+04 -3.60370e+06 -6.19207e+05
 -7.04798e+04 -3.60372e+06 -6.19125e+05
 -7.04903e+04 -3.60373e+06 -6.19043e+05
 -7.05008e+04 -3.60374e+06 -6.18961e+05
 -7.05113e+04 -3.60376e+06 -6.18879e+05
 -7.05218e+04 -3.60377e+06 -6.18797e+05
 -7.05323e+04 -3.60379e+06 -6.18714e+05
 -7.05428e+04 -3.60380e+06 -6.18632e+05
 -7.05534e+04 -3.60382e+06 -6.18550e+05
 -7.05639e+04 -3.60383e+06 -6.18468e+05
 -7.05744e+04 -3.60385e+06 -6.18386e+05
 -7.05849e+04 -3.60386e+06 -6.18304e+05
 -7.05954e+04 -3.60388e+06 -6.18222e+05
 -7.06059e+04 -3.60389e+06 -6.18140e+05
 -7.06164e+04 -3.60391e+06 -6.18058e+05
 -7.06269e+04 -3.60392e+06 -6.17976e+05
 -7.06375e+04 -3.60394e+06 -6.17893e+05
 -7.06480e+04 -3.60395e+06 -6.17811e+05
 -7.06585e+04 -3.60396e+06 -6.17729e+05
 -7.06690e+04 -3.60398e+06 -6.17647e+05
 -7.06795e+04 -3.60399e+06 -6.17565e+05
 -7.06900e+04 -3.60401e+06 -6.17483e+05
 -7.07005e+04 -3.60402e+06 -6.17401e+05
 -7.07111e+04 -3.60404e+06 -6.17319e+05
 -7.07216e+04 -3.60405e+06 -6.17236e+05
 -7.07321e+04 -3.60407e+06 -6.17154e+05
 -7.07426e+04 -3.60408e+06 -6.17072e+05
 -7.07531e+04 -3.60410e+06 -6.16990e+05
 -7.07636e+04 -3.60411e+06 -6.16908e+05
 -7.07741e+04 -3.60413e+06 -6.16826e+05
 -7.07847e+04 -3.60414e+06 -6.16744e+05
 -7.07952e+04 -3.60415e+06 -6.16662e+05
 -7.08057e+04 -3.60417e+06 -6.16580e+05
 -7.08162e+04 -3.60418e+06 -6.16497e+05
 -7.08267e+04 -3.60420e+06 -6.16415e+05
 -7.08372e+04 -3.60421e+06 -6.16333e+05
 -7.08477e+04 -3.60423e+06 -6.16251e+05
 -7.08583e+04 -3.60424e+06 -6.16169e+05
 -7.08688e+04 -3.60426e+06 -6.16087e+05
 -7.08793e+04 -3.60427e+06 -6.16005e+05
 -7.08898e+04 -3.60429e+06 -6.15923e+05
 -7.09003e+04 -3.60430e+06 -6.15841e+05
 -7.09108e+04 -3.60431e+06 -6.15758e+05
 -7.09213e+04 -3.60433e+06 -6.15676e+05
 -7.09318e+04 -3.60434e+06 -6.15594e+05
 -7.09424e+04 -3.60436e+06 -6.15512e+05
 -7.09529e+04 -3.60437e+06 -6.15430e+05
 -7.09634e+04 -3.60439e+06 -6.15348e+05
 -7.09739e+04 -3.60440e+06 -6.15266e+05
 -7.09844e+04 -3.60442e+06 -6.15184e+05
 -7.09949e+04 -3.60443e+06 -6.15101e+05
 -7.10054e+04 -3.60445e+06 -6.15019e+05
 -7.10160e+04 -3.60446e+06 -6.14937e+05
 -7.10265e+04 -3.60447e+06 -6.14855e+05
 -7.10370e+04 -3.60449e+06 -6.14773e+05
 -7.10475e+04 -3.60450e+06 -6.14691e+05
 -7.10580e+04 -3.60452e+06 -6.14609e+05
 -7.10685e+04 -3.60453e+06 -6.14527e+05
 -7.10790e+04 -3.60455e+06 -6.14444e+05
 -7.10896e+04 -3.60456e+06 -6.14362e+05
 -7.11001e+04 -3.60458e+06 -6.14280e+05
 -7.11106e+04 -3.60459e+06 -6.14198e+05
 -7.11211e+04 -3.60461e+06 -6.14116e+05
 -7.11316e+04 -3.60462e+06 -6.14034e+05
 -7.11421e+04 -3.60463e+06 -6.13952e+05
 -7.11526e+04 -3.60465e+06 -6.13870e+05
 -7.11632e+04 -3.60466e+06 -6.13787e+05
 -7.11737e+04 -3.60468e+06 -6.13705e+05
 -7.11842e+04 -3.60469e+06 -6.13623e+05
 -7.11947e+04 -3.60471e+06 -6.13541e+05
 -7.12052e+04 -3.60472e+06 -6.13459e+05
 -7.12157e+04 -3.60474e+06 -6.13377e+05
 -7.12262e+04 -3.60475e+06 -6.13295e+05
 -7.12368e+04 -3.60477e+06 -6.13213e+05
 -7.12473e+04 -3.60478e+06 -6.13130e+05
 -7.12578e+04 -3.60479e+06 -6.13048e+05
 -7.12683e+04 -3.60481e+06 -6.12966e+05
 -7.12788e+04 -3.60482e+06 -6.12884e+05
 -7.12893e+04 -3.60484e+06 -6.12802e+05
 -7.12998e+04 -3.60485e+06 -6.12720e+05
 -7.13104e+04 -3.60487e+06 -6.12638e+05
 -7.13209e+04 -3.60488e+06 -6.12556e+05
 -7.13314e+04 -3.60490e+06 -6.12473e+05
 -7.13419e+04 -3.60491e+06 -6.12391e+05
 -7.13524e+04 -3.60493e+06 -6.12309e+05


EPHEM_RATES
 -4.31226e+02 -6.11764e+02 3.36659e+03
 -4.31227e+02 -6.11686e+02 3.36661e+03
 -4.31227e+02 -6.11608e+02 3.36662e+03
 -4.31228e+02 -6.11530e+02 3.36663e+03
 -4.31229e+02 -6.11452e+02 3.36665e+03
 -4.31229e+02 -6.11374e+02 3.36666e+03
 -4.31230e+02 -6.11296e+02 3.36667e+03
 -4.31231e+02 -6.11217e+02 3.36669e+03
 -4.31231e+02 -6.11139e+02 3.36670e+03
 -4.31232e+02 -6.11061e+02 3.36672e+03
 -4.31233e+02 -6.10983e+02 3.36673e+03
 -4.31233e+02 -6.10905e+02 3.36674e+03
 -4.31234e+02 -6.10827e+02 3.36676e+03
 -4.31235e+02 -6.10748e+02 3.36677e+03
 -4.31235e+02 -6.10670e+02 3.36678e+03
 -4.31236e+02 -6.10592e+02 3.36680e+03
 -4.31237e+02 -6.10514e+02 3.36681e+03
 -4.31237e+02 -6.10436e+02 3.36682e+03
 -4.31238e+02 -6.10358e+02 3.36684e+03
 -4.31239e+02 -6.10280e+02 3.36685e+03
 -4.31240e+02 -6.10201e+02 3.36686e+03
 -4.31240e+02 -6.10123e+02 3.36688e+03
 -4.31241e+02 -6.10045e+02 3.36689e+03
 -4.31242e+02 -6.09967e+02 3.36690e+03
 -4.31242e+02 -6.09889e+02 3.36692e+03
 -4.31243e+02 -6.09811e+02 3.36693e+03
 -4.31244e+02 -6.09732e+02 3.36695e+03
 -4.31244e+02 -6.09654e+02 3.36696e+03
 -4.31245e+02 -6.09576e+02 3.36697e+03
 -4.31246e+02 -6.09498e+02 3.36699e+03
 -4.31246e+02 -6.09420e+02 3.36700e+03
 -4.31247e+02 -6.09342e+02 3.36701e+03
 -4.31248e+02 -6.09264e+02 3.36703e+03
 -4.31248e+02 -6.09185e+02 3.36704e+03
 -4.31249e+02 -6.09107e+02 3.36705e+03
 -4.31250e+02 -6.09029e+02 3.36707e+03
 -4.31250e+02 -6.08951e+02 3.36708e+03
 -4.31251e+02 -6.08873e+02 3.36709e+03
 -4.31252e+02 -6.08795e+02 3.36711e+03
 -4.31252e+02 -6.08716e+02 3.36712e+03
 -4.31253e+02 -6.08638e+02 3.36713e+03
 -4.31254e+02 -6.08560e+02 3.36715e+03
 -4.31254e+02 -6.08482e+02 3.36716e+03
 -4.31255e+02 -6.08404e+02 3.36718e+03
 -4.31255e+02 -6.08326e+02 3.36719e+03
 -4.31256e+02 -6.08247e+02 3.36720e+03
 -4.31257e+02 -6.08169e+02 3.36722e+03
 -4.31257e+02 -6.08091e+02 3.36723e+03
 -4.31258e+02 -6.08013e+02 3.36724e+03
 -4.31259e+02 -6.07935e+02 3.36726e+03
 -4.31259e+02 -6.07857e+02 3.36727e+03
 -4.31260e+02 -6.07778e+02 3.36728e+03
 -4.31261e+02 -6.07700e+02 3.36730e+03
 -4.31261e+02 -6.07622e+02 3.36731e+03
 -4.31262e+02 -6.07544e+02 3.36732e+03
 -4.31263e+02 -6.07466e+02 3.36734e+03
 -4.31263e+02 -6.07388e+02 3.36735e+03
 -4.31264e+02 -6.07310e+02 3.36736e+03
 -4.31265e+02 -6.07231e+02 3.36738e+03
 -4.31265e+02 -6.07153e+02 3.36739e+03
 -4.31266e+02 -6.07075e+02 3.36740e+03
 -4.31267e+02 -6.06997e+02 3.36742e+03
 -4.31267e+02 -6.06919e+02 3.36743e+03
 -4.31268e+02 -6.06841e+02 3.36744e+03
 -4.31269e+02 -6.06762e+02 3.36746e+03
 -4.31269e+02 -6.06684e+02 3.36747e+03
 -4.31270e+02 -6.06606e+02 3.36749e+03
 -4.31271e+02 -6.06528e+02 3.36750e+03
 -4.31271e+02 -6.06450e+02 3.36751e+03
 -4.31272e+02 -6.06372e+02 3.36753e+03
 -4.31272e+02 -6.06293e+02 3.36754e+03
 -4.31273e+02 -6.06215e+02 3.36755e+03
 -4.31274e+02 -6.06137e+02 3.36757e+03
 -4.31274e+02 -6.06059e+02 3.36758e+03
 -4.31275e+02 -6.05981e+02 3.36759e+03
 -4.31276e+02 -6.05903e+02 3.36761e+03
 -4.31276e+02 -6.05824e+02 3.36762e+03
 -4.31277e+02 -6.05746e+02 3.36763e+03
 -4.31278e+02 -6.05668e+02 3.36765e+03
 -4.31278e+02 -6.05590e+02 3.36766e+03
 -4.31279e+02 -6.05512e+02 3.36767e+03
 -4.31280e+02 -6.05434e+02 3.36769e+03
 -4.31280e+02 -6.05355e+02 3.36770e+03
 -4.31281e+02 -6.05277e+02 3.36771e+03
 -4.31281e+02 -6.05199e+02 3.36773e+03
 -4.31282e+02 -6.05121e+02 3.36774e+03
 -4.31283e+02 -6.05043e+02 3.36775e+03
 -4.31283e+02 -6.04965e+02 3.36777e+03
 -4.31284e+02 -6.04886e+02 3.36778e+03
 -4.31285e+02 -6.04808e+02 3.36779e+03
 -4.31285e+02 -6.04730e+02 3.36781e+03
 -4.31286e+02 -6.04652e+02 3.36782e+03
 -4.31286e+02 -6.04574e+02 3.36783e+03
 -4.31287e+02 -6.04496e+02 3.36785e+03
 -4.31288e+02 -6.04417e+02 3.36786e+03
 -4.31288e+02 -6.04339e+02 3.36787e+03
 -4.31289e+02 -6.04261e+02 3.36789e+03
 -4.31290e+02 -6.04183e+02 3.36790e+03
 -4.31290e+02 -6.04105e+02 3.36791e+03
 -4.31291e+02 -6.04026e+02 3.36793e+03
 -4.31292e+02 -6.03948e+02 3.36794e+03
 -4.31292e+02 -6.03870e+02 3.36795e+03
 -4.31293e+02 -6.03792e+02 3.36797e+03
 -4.31293e+02 -6.03714e+02 3.36798e+03
 -4.31294e+02 -6.03636e+02 3.36800e+03
 -4.31295e+02 -6.03557e+02 3.36801e+03
 -4.31295e+02 -6.03479e+02 3.36802e+03
 -4.31296e+02 -6.03401e+02 3.36804e+03
 -4.31297e+02 -6.03323e+02 3.36805e+03
 -4.31297e+02 -6.03245e+02 3.36806e+03
 -4.31298e+02 -6.03167e+02 3.36808e+03
 -4.31298e+02 -6.03088e+02 3.36809e+03
 -4.31299e+02 -6.03010e+02 3.36810e+03
 -4.31300e+02 -6.02932e+02 3.36812e+03
 -4.31300e+02 -6.02854e+02 3.36813e+03
 -4.31301e+02 -6.02776e+02 3.36814e+03
 -4.31302e+02 -6.02697e+02 3.36816e+03
 -4.31302e+02 -6.02619e+02 3.36817e+03
 -4.31303e+02 -6.02541e+02 3.36818e+03
 -4.31303e+02 -6.02463e+02 3.36820e+03
 -4.31304e+02 -6.02385e+02 3.36821e+03
 -4.31305e+02 -6.02307e+02 3.36822e+03
 -4.31305e+02 -6.02228e+02 3.36824e+03
 -4.31306e+02 -6.02150e+02 3.36825e+03
 -4.31307e+02 -6.02072e+02 3.36826e+03
 -4.31307e+02 -6.01994e+02 3.36828e+03
 -4.31308e+02 -6.01916e+02 3.36829e+03
 -4.31308e+02 -6.01837e+02 3.36830e+03
 -4.31309e+02 -6.01759e+02 3.36832e+03
 -4.31310e+02 -6.01681e+02 3.36833e+03
 -4.31310e+02 -6.01603e+02 3.36834e+03
 -4.31311e+02 -6.01525e+02 3.36836e+03
 -4.31312e+02 -6.01446e+02 3.36837e+03
 -4.31312e+02 -6.01368e+02 3.36838e+03
 -4.31313e+02 -6.01290e+02 3.36840e+03
 -4.31313e+02 -6.01212e+02 3.36841e+03
 -4.31314e+02 -6.01134e+02 3.36842e+03
 -4.31315e+02 -6.01056e+02 3.36844e+03
 -4.31315e+02 -6.00977e+02 3.36845e+03
 -4.31316e+02 -6.00899e+02 3.36846e+03
 -4.31316e+02 -6.00821e+02 3.36848e+03
 -4.31317e+02 -6.00743e+02 3.36849e+03
 -4.31318e+02 -6.00665e+02 3.36850e+03
 -4.31318e+02 -6.00586e+02 3.36852e+03
 -4.31319e+02 -6.00508e+02 3.36853e+03
 -4.31319e+02 -6.00430e+02 3.36854e+03
 -4.31320e+02 -6.00352e+02 3.36856e+03
 -4.31321e+02 -6.00274e+02 3.36857e+03
 -4.31321e+02 -6.00196e+02 3.36858e+03
 -4.31322e+02 -6.00117e+02 3.36860e+03
 -4.31322e+02 -6.00039e+02 3.36861e+03
 -4.31323e+02 -5.99961e+02 3.36862e+03
 -4.31324e+02 -5.99883e+02 3.36864e+03
 -4.31324e+02 -5.99805e+02 3.36865e+03
 -4.31325e+02 -5.99726e+02 3.36866e+03
 -4.31325e+02 -5.99648e+02 3.36868e+03
 -4.31326e+02 -5.99570e+02 3.36869e+03
 -4.31327e+02 -5.99492e+02 3.36870e+03
 -4.31327e+02 -5.99414e+02 3.36872e+03
 -4.31328e+02 -5.99336e+02 3.36873e+03
 -4.31328e+02 -5.99257e+02 3.36874e+03
 -4.31329e+02 -5.99179e+02 3.36876e+03
 -4.31330e+02 -5.99101e+02 3.36877e+03
 -4.31330e+02 -5.99023e+02 3.36878e+03
 -4.31331e+02 -5.98945e+02 3.36880e+03
 -4.31331e+02 -5.98867e+02 3.36881e+03
 -4.31332e+02 -5.98789e+02 3.36882e+03
 -4.31332e+02 -5.98711e+02 3.36883e+03
 -4.31333e+02 -5.98632e+02 3.36885e+03
 -4.31333e+02 -5.98554e+02 3.36886e+03
 -4.31334e+02 -5.98476e+02 3.36887e+03
 -4.31334e+02 -5.98398e+02 3.36889e+03
 -4.31335e+02 -5.98320e+02 3.36890e+03
 -4.31335e+02 -5.98242e+02 3.36891e+03
 -4.31336e+02 -5.98164e+02 3.36893e+03
 -4.31337e+02 -5.98085e+02 3.36894e+03
 -4.31337e+02 -5.98007e+02 3.36895e+03
 -4.31338e+02 -5.97929e+02 3.36897e+03
 -4.31338e+02 -5.97851e+02 3.36898e+03
 -4.31339e+02 -5.97773e+02 3.36899e+03
 -4.31339e+02 -5.97695e+02 3.36901e+03
 -4.31340e+02 -5.97616e+02 3.36902e+03
 -4.31341e+02 -5.97538e+02 3.36903e+03
 -4.31341e+02 -5.97460e+02 3.36905e+03
 -4.31342e+02 -5.97382e+02 3.36906e+03
 -4.31342e+02 -5.97304e+02 3.36907e+03
 -4.31343e+02 -5.97225e+02 3.36909e+03
 -4.31343e+02 -5.97147e+02 3.36910e+03
 -4.31344e+02 -5.97069e+02 3.36911e+03
 -4.31345e+02 -5.96991e+02 3.36913e+03
 -4.31345e+02 -5.96913e+02 3.36914e+03
 -4.31346e+02 -5.96834e+02 3.36915e+03
 -4.31346e+02 -5.96756e+02 3.36917e+03
 -4.31347e+02 -5.96678e+02 3.36918e+03
 -4.31348e+02 -5.96600e+02 3.36919e+03
 -4.31348e+02 -5.96521e+02 3.36921e+03
 -4.31349e+02 -5.96443e+02 3.36922e+03
 -4.31350e+02 -5.96365e+02 3.36923e+03
 -4.31350e+02 -5.96287e+02 3.36925e+03
 -4.31351e+02 -5.96208e+02 3.36926e+03
 -4.31351e+02 -5.96130e+02 3.36927e+03
 -4.31352e+02 -5.96052e+02 3.36929e+03
 -4.31353e+02 -5.95974e+02 3.36930e+03
 -4.31353e+02 -5.95895e+02 3.36931e+03
 -4.31354e+02 -5.95817e+02 3.36932e+03
 -4.31355e+02 -5.95739e+02 3.36934e+03
 -4.31355e+02 -5.95661e+02 3.36935e+03
 -4.31356e+02 -5.95582e+02 3.36936e+03
 -4.31357e+02 -5.95504e+02 3.36938e+03
 -4.31357e+02 -5.95426e+02 3.36939e+03
 -4.31358e+02 -5.95347e+02 3.36940e+03
 -4.31359e+02 -5.95269e+02 3.36942e+03
 -4.31359e+02 -5.95191e+02 3.36943e+03
 -4.31360e+02 -5.95113e+02 3.36944e+03
 -4.31361e+02 -5.95034e+02 3.36946e+03
 -4.31361e+02 -5.94956e+02 3.36947e+03
 -4.31362e+02 -5.94878e+02 3.36948e+03
 -4.31363e+02 -5.94799e+02 3.36950e+03
 -4.31363e+02 -5.94721e+02 3.36951e+03
 -4.31364e+02 -5.94643e+02 3.36952e+03
 -4.31365e+02 -5.94564e+02 3.36954e+03


DT_QUAT 4.02892e-02
T0_QUAT -2.82024e+00
NUMBER_OF_QUATERNIONS  141
QUATERNIONS
 -3.89055e-01 -5.17688e-01 -5.42201e-01 5.35399e-01
 -3.89067e-01 -5.17697e-01 -5.42193e-01 5.35390e-01
 -3.89078e-01 -5.17706e-01 -5.42184e-01 5.35382e-01
 -3.89090e-01 -5.17715e-01 -5.42175e-01 5.35373e-01
 -3.89102e-01 -5.17724e-01 -5.42167e-01 5.35364e-01
 -3.89113e-01 -5.17733e-01 -5.42158e-01 5.35356e-01
 -3.89125e-01 -5.17743e-01 -5.42149e-01 5.35347e-01
 -3.89137e-01 -5.17752e-01 -5.42141e-01 5.35339e-01
 -3.89148e-01 -5.17761e-01 -5.42132e-01 5.35330e-01
 -3.89160e-01 -5.17770e-01 -5.42123e-01 5.35321e-01
 -3.89172e-01 -5.17779e-01 -5.42115e-01 5.35313e-01
 -3.89183e-01 -5.17788e-01 -5.42106e-01 5.35304e-01
 -3.89195e-01 -5.17798e-01 -5.42097e-01 5.35296e-01
 -3.89207e-01 -5.17807e-01 -5.42088e-01 5.35287e-01
 -3.89218e-01 -5.17816e-01 -5.42080e-01 5.35279e-01
 -3.89230e-01 -5.17825e-01 -5.42071e-01 5.35270e-01
 -3.89242e-01 -5.17834e-01 -5.42062e-01 5.35261e-01
 -3.89254e-01 -5.17843e-01 -5.42054e-01 5.35253e-01
 -3.89265e-01 -5.17853e-01 -5.42045e-01 5.35244e-01
 -3.89277e-01 -5.17862e-01 -5.42036e-01 5.35236e-01
 -3.89289e-01 -5.17871e-01 -5.42028e-01 5.35227e-01
 -3.89300e-01 -5.17880e-01 -5.42019e-01 5.35218e-01
 -3.89312e-01 -5.17889e-01 -5.42010e-01 5.35210e-01
 -3.89324e-01 -5.17898e-01 -5.42002e-01 5.35201e-01
 -3.89335e-01 -5.17908e-01 -5.41993e-01 5.35193e-01
 -3.89347e-01 -5.17917e-01 -5.41984e-01 5.35184e-01
 -3.89359e-01 -5.17926e-01 -5.41976e-01 5.35176e-01
 -3.89371e-01 -5.17935e-01 -5.41967e-01 5.35167e-01
 -3.89382e-01 -5.17944e-01 -5.41958e-01 5.35158e-01
 -3.89394e-01 -5.17953e-01 -5.41950e-01 5.35150e-01
 -3.89406e-01 -5.17962e-01 -5.41941e-01 5.35141e-01
 -3.89417e-01 -5.17972e-01 -5.41932e-01 5.35133e-01
 -3.89429e-01 -5.17981e-01 -5.41924e-01 5.35124e-01
 -3.89441e-01 -5.17990e-01 -5.41915e-01 5.35115e-01
 -3.89453e-01 -5.17999e-01 -5.41906e-01 5.35107e-01
 -3.89464e-01 -5.18008e-01 -5.41898e-01 5.35098e-01
 -3.89476e-01 -5.18017e-01 -5.41889e-01 5.35089e-01
 -3.89488e-01 -5.18026e-01 -5.41880e-01 5.35081e-01
 -3.89500e-01 -5.18035e-01 -5.41872e-01 5.35072e-01
 -3.89511e-01 -5.18045e-01 -5.41863e-01 5.35064e-01
 -3.89523e-01 -5.18054e-01 -5.41854e-01 5.35055e-01
 -3.89535e-01 -5.18063e-01 -5.41846e-01 5.35046e-01
 -3.89547e-01 -5.18072e-01 -5.41837e-01 5.35038e-01
 -3.89558e-01 -5.18081e-01 -5.41829e-01 5.35029e-01
 -3.89570e-01 -5.18090e-01 -5.41820e-01 5.35021e-01
 -3.89582e-01 -5.18099e-01 -5.41811e-01 5.35012e-01
 -3.89594e-01 -5.18108e-01 -5.41803e-01 5.35003e-01
 -3.89605e-01 -5.18117e-01 -5.41794e-01 5.34995e-01
 -3.89617e-01 -5.18127e-01 -5.41785e-01 5.34986e-01
 -3.89629e-01 -5.18136e-01 -5.41777e-01 5.34977e-01
 -3.89641e-01 -5.18145e-01 -5.41768e-01 5.34969e-01
 -3.89652e-01 -5.18154e-01 -5.41759e-01 5.34960e-01
 -3.89664e-01 -5.18163e-01 -5.41751e-01 5.34952e-01
 -3.89676e-01 -5.18172e-01 -5.41742e-01 5.34943e-01
 -3.89688e-01 -5.18181e-01 -5.41733e-01 5.34934e-01
 -3.89700e-01 -5.18190e-01 -5.41725e-01 5.34926e-01
 -3.89711e-01 -5.18199e-01 -5.41716e-01 5.34917e-01
 -3.89723e-01 -5.18209e-01 -5.41707e-01 5.34908e-01
 -3.89735e-01 -5.18218e-01 -5.41699e-01 5.34900e-01
 -3.89747e-01 -5.18227e-01 -5.41690e-01 5.34891e-01
 -3.89759e-01 -5.18236e-01 -5.41681e-01 5.34882e-01
 -3.89770e-01 -5.18245e-01 -5.41673e-01 5.34874e-01
 -3.89782e-01 -5.18254e-01 -5.41664e-01 5.34865e-01
 -3.89794e-01 -5.18263e-01 -5.41655e-01 5.34856e-01
 -3.89806e-01 -5.18272e-01 -5.41647e-01 5.34848e-01
 -3.89818e-01 -5.18281e-01 -5.41638e-01 5.34839e-01
 -3.89829e-01 -5.18290e-01 -5.41630e-01 5.34831e-01
 -3.89841e-01 -5.18299e-01 -5.41621e-01 5.34822e-01
 -3.89853e-01 -5.18308e-01 -5.41612e-01 5.34813e-01
 -3.89865e-01 -5.18318e-01 -5.41604e-01 5.34805e-01
 -3.89877e-01 -5.18327e-01 -5.41595e-01 5.34796e-01
 -3.89888e-01 -5.18336e-01 -5.41586e-01 5.34787e-01
 -3.89900e-01 -5.18345e-01 -5.41578e-01 5.34779e-01
 -3.89912e-01 -5.18354e-01 -5.41569e-01 5.34770e-01
 -3.89924e-01 -5.18363e-01 -5.41560e-01 5.34761e-01
 -3.89936e-01 -5.18372e-01 -5.41552e-01 5.34753e-01
 -3.89948e-01 -5.18381e-01 -5.41543e-01 5.34744e-01
 -3.89959e-01 -5.18390e-01 -5.41534e-01 5.34735e-01
 -3.89971e-01 -5.18399e-01 -5.41526e-01 5.34727e-01
 -3.89983e-01 -5.18408e-01 -5.41517e-01 5.34718e-01
 -3.89995e-01 -5.18417e-01 -5.41509e-01 5.34709e-01
 -3.90007e-01 -5.18426e-01 -5.41500e-01 5.34701e-01
 -3.90019e-01 -5.18435e-01 -5.41491e-01 5.34692e-01
 -3.90030e-01 -5.18444e-01 -5.41483e-01 5.34683e-01
 -3.90042e-01 -5.18454e-01 -5.41474e-01 5.34675e-01
 -3.90054e-01 -5.18463e-01 -5.41465e-01 5.34666e-01
 -3.90066e-01 -5.18472e-01 -5.41457e-01 5.34657e-01
 -3.90078e-01 -5.18481e-01 -5.41448e-01 5.34649e-01
 -3.90090e-01 -5.18490e-01 -5.41439e-01 5.34640e-01
 -3.90101e-01 -5.18499e-01 -5.41431e-01 5.34631e-01
 -3.90113e-01 -5.18508e-01 -5.41422e-01 5.34622e-01
 -3.90125e-01 -5.18517e-01 -5.41414e-01 5.34614e-01
 -3.90137e-01 -5.18526e-01 -5.41405e-01 5.34605e-01
 -3.90149e-01 -5.18535e-01 -5.41396e-01 5.34596e-01
 -3.90161e-01 -5.18544e-01 -5.41388e-01 5.34588e-01
 -3.90173e-01 -5.18553e-01 -5.41379e-01 5.34579e-01
 -3.90185e-01 -5.18562e-01 -5.41370e-01 5.34570e-01
 -3.90196e-01 -5.18571e-01 -5.41362e-01 5.34562e-01
 -3.90208e-01 -5.18580e-01 -5.41353e-01 5.34553e-01
 -3.90220e-01 -5.18589e-01 -5.41345e-01 5.34544e-01
 -3.90232e-01 -5.18598e-01 -5.41336e-01 5.34536e-01
 -3.90244e-01 -5.18607e-01 -5.41327e-01 5.34527e-01
 -3.90256e-01 -5.18616e-01 -5.41319e-01 5.34518e-01
 -3.90268e-01 -5.18625e-01 -5.41310e-01 5.34509e-01
 -3.90280e-01 -5.18634e-01 -5.41301e-01 5.34501e-01
 -3.90291e-01 -5.18643e-01 -5.41293e-01 5.34492e-01
 -3.90303e-01 -5.18652e-01 -5.41284e-01 5.34483e-01
 -3.90315e-01 -5.18661e-01 -5.41276e-01 5.34475e-01
 -3.90327e-01 -5.18670e-01 -5.41267e-01 5.34466e-01
 -3.90339e-01 -5.18679e-01 -5.41258e-01 5.34457e-01
 -3.90351e-01 -5.18688e-01 -5.41250e-01 5.34449e-01
 -3.90363e-01 -5.18697e-01 -5.41241e-01 5.34440e-01
 -3.90375e-01 -5.18706e-01 -5.41232e-01 5.34431e-01
 -3.90387e-01 -5.18715e-01 -5.41224e-01 5.34422e-01
 -3.90399e-01 -5.18724e-01 -5.41215e-01 5.34414e-01
 -3.90411e-01 -5.18733e-01 -5.41207e-01 5.34405e-01
 -3.90422e-01 -5.18742e-01 -5.41198e-01 5.34396e-01
 -3.90434e-01 -5.18751e-01 -5.41189e-01 5.34388e-01
 -3.90446e-01 -5.18760e-01 -5.41181e-01 5.34379e-01
 -3.90458e-01 -5.18769e-01 -5.41172e-01 5.34370e-01
 -3.90470e-01 -5.18778e-01 -5.41164e-01 5.34361e-01
 -3.90482e-01 -5.18787e-01 -5.41155e-01 5.34353e-01
 -3.90494e-01 -5.18796e-01 -5.41146e-01 5.34344e-01
 -3.90506e-01 -5.18805e-01 -5.41138e-01 5.34335e-01
 -3.90518e-01 -5.18814e-01 -5.41129e-01 5.34326e-01
 -3.90530e-01 -5.18823e-01 -5.41120e-01 5.34318e-01
 -3.90542e-01 -5.18832e-01 -5.41112e-01 5.34309e-01
 -3.90554e-01 -5.18841e-01 -5.41103e-01 5.34300e-01
 -3.90566e-01 -5.18850e-01 -5.41095e-01 5.34292e-01
 -3.90578e-01 -5.18859e-01 -5.41086e-01 5.34283e-01
 -3.90589e-01 -5.18868e-01 -5.41077e-01 5.34274e-01
 -3.90601e-01 -5.18877e-01 -5.41069e-01 5.34265e-01
 -3.90613e-01 -5.18886e-01 -5.41060e-01 5.34257e-01
 -3.90625e-01 -5.18895e-01 -5.41052e-01 5.34248e-01
 -3.90637e-01 -5.18904e-01 -5.41043e-01 5.34239e-01
 -3.90649e-01 -5.18913e-01 -5.41034e-01 5.34230e-01
 -3.90661e-01 -5.18922e-01 -5.41026e-01 5.34222e-01
 -3.90673e-01 -5.18931e-01 -5.41017e-01 5.34213e-01
 -3.90685e-01 -5.18940e-01 -5.41009e-01 5.34204e-01
 -3.90697e-01 -5.18949e-01 -5.41000e-01 5.34195e-01
 -3.90709e-01 -5.18958e-01 -5.40991e-01 5.34187e-01


SCAN_DURATION 4.87500e+00
INT_TIME 8.12499e-05

ALONG_SCAN_PIXEL_SIZE  1.19902e-02
CROSS_SCAN_PIXEL_SIZE  1.20000e-02

CENTER_GP -1.74024e-01 -1.60194e+00 0.00000e+00
SENSOR_POSITION -1.72712e-01 -1.59027e+00 2.58254e+05
MOUNTING_ANGLES 0.00000e+00 0.00000e+00 0.00000e+00

TOTAL_LINES 60000
TOTAL_SAMPLES 20000




IKCODE  -74699
ISIS_Z_DIRECTION  1.00000e+00
OPTICAL_DIST_COEF 0.00000e+00 0.00000e+00 0.00000e+00
ITRANSS 0.00000e+00 0.00000e+00 -8.33333e+01
ITRANSL 7.74982e+03 8.33333e+01 0.00000e+00
DETECTOR_SAMPLE_ORIGIN 1.00005e+04
DETECTOR_LINE_ORIGIN 0.00000e+00
DETECTOR_LINE_OFFSET  0.00000e+00
DETECTOR_SAMPLE_SUMMING  1.00000e+00
STARTING_SAMPLE 1.00000e+00
STARTING_LINE 1.00000e+00
STARTING_EPHEMERIS_TIME 3.84597e+08
CENTER_EPHEMERIS_TIME 3.84597e+08
