 8 102  8897 1017  332909200 2010-07-20T14:46:40.60  180   1  0  1   closed  IR  data_not_compressed  all_spectral_sub-frames      science  L_SPE_H_SPA_F  13.000000  81.053406  17.000000 193.381409   0.055160   3.162066 139.943970 142.507843  74.672020 141.037323   0.022177 142.875458  0  0  0  0  1852  0
 8 102  8978 1017  332909220 2010-07-20T14:47:00.60  180   2  0  1     open  IR  data_not_compressed  all_spectral_sub-frames      science  L_SPE_H_SPA_F  13.000000  81.104805  17.000000 193.396179   0.055160   3.162066 139.958298 142.493515  74.572990 141.037323   0.021461 142.861145  0  0  0  0  1956  0
 8 102  9061 1017  332909240 2010-07-20T14:47:20.60  180   3  0  1     open  IR  data_not_compressed  all_spectral_sub-frames      science  L_SPE_H_SPA_F  13.000000  81.002068  17.000000 193.445419   0.050521   2.895854 139.958298 142.493515  74.490242 141.022995   0.020520 142.875458  0  0  0  0  1889  0
 8 102  9141 1017  332909260 2010-07-20T14:47:40.60  180   4  0  1     open  IR  data_not_compressed  all_spectral_sub-frames      science  L_SPE_H_SPA_F  13.000000  80.950676  17.000000 193.489731   0.048079   2.755767 139.943970 142.479187  74.468536 141.051636   0.019847 142.904114  0  0  0  0  1958  0
 8 102  9223 1017  332909280 2010-07-20T14:48:00.60  180   5  0  1     open  IR  data_not_compressed  all_spectral_sub-frames      science  L_SPE_H_SPA_F  13.000000  81.002068  17.000000 193.504501   0.043439   2.489647 139.972626 142.493515  74.541794 141.008667   0.019383 142.875458  0  0  0  0  1880  0
 8 102  9303 1017  332909300 2010-07-20T14:48:20.60  180   6  0  1     open  IR  data_not_compressed  all_spectral_sub-frames      science  L_SPE_H_SPA_F  13.000000  81.207596  17.000000 193.563583  -0.040998  -2.349657 139.943970 142.464859  74.482101 141.065964   0.018924 142.875458  0  0  0  0  1881  0
 8 102  9385 1017  332909320 2010-07-20T14:48:40.60  180   7  0  1     open  IR  data_not_compressed  all_spectral_sub-frames      science  L_SPE_H_SPA_F  13.000000  81.053406  17.000000 193.578354  -0.034404  -1.971614 139.958298 142.493515  74.520088 141.037323   0.018448 142.875458  0  0  0  0  1861  0
 8 102  9466 1017  332909340 2010-07-20T14:49:00.60  180   8  0  1     open  IR  data_not_compressed  all_spectral_sub-frames      science  L_SPE_H_SPA_F  13.000000  81.207596  17.000000 193.607895  -0.030009  -1.719633 139.929657 142.493515  74.571632 141.051636   0.018014 142.875458  0  0  0  0  1901  0
 8 102  9547 1017  332909360 2010-07-20T14:49:20.60  180   9  0  1     open  IR  data_not_compressed  all_spectral_sub-frames      science  L_SPE_H_SPA_F  13.000000  81.156197  17.000000 193.622665  -0.025613  -1.467686 139.958298 142.507843  74.568924 141.051636   0.017573 142.875458  0  0  0  0  1904  0
 8 102  9628 1017  332909380 2010-07-20T14:49:40.60  180  10  0  1     open  IR  data_not_compressed  all_spectral_sub-frames      science  L_SPE_H_SPA_F  13.000000  81.104805  17.000000 193.652206  -0.020973  -1.201773 139.958298 142.522156  74.532295 141.037323   0.016968 142.875458  0  0  0  0  1874  0
 8 102  9708 1017  332909400 2010-07-20T14:50:00.60  180  11  0  1     open  IR  data_not_compressed  all_spectral_sub-frames      science  L_SPE_H_SPA_F  13.000000  81.053406  17.000000 193.681747  -0.018531  -1.061830 139.986954 142.550812  74.533653 141.037323   0.016339 142.875458  0  0  0  0  1964  0
 8 102  9790 1017  332909420 2010-07-20T14:50:20.60  180  12  0  1     open  IR  data_not_compressed  all_spectral_sub-frames      science  L_SPE_H_SPA_F  13.000000  81.258987  17.000000 193.730988  -0.013892  -0.795953 139.958298 142.550812  74.608261 141.037323   0.015562 142.861145  0  0  0  0  1981  0
 8 102  9871 1017  332909440 2010-07-20T14:50:40.60  180  13  0  1     open  IR  data_not_compressed  all_spectral_sub-frames      science  L_SPE_H_SPA_F  13.000000  81.207596  17.000000 193.775299  -0.040754  -2.335654 139.958298 142.584229  74.563492 141.008667   0.014908 142.861145  0  0  0  0  1847  0
 8 102  9951 1017  332909460 2010-07-20T14:51:00.60  180  14  0  1     open  IR  data_not_compressed  all_spectral_sub-frames      science  L_SPE_H_SPA_F  13.000000  81.207596  17.000000 193.790070  -0.034404  -1.971614 139.972626 142.550812  74.540436 141.008667   0.014260 142.827728  0  0  0  0  1870  0
 8 102 10031 1017  332909480 2010-07-20T14:51:20.60  180  15  0  1     open  IR  data_not_compressed  all_spectral_sub-frames      science  L_SPE_H_SPA_F  13.000000  81.053406  17.000000 193.819611  -0.029765  -1.705636 139.929657 142.536484  74.540436 141.051636   0.013490 142.875458  0  0  0  0  1867  0
 8 102 10111 1017  332909500 2010-07-20T14:51:40.60  180  16  0  1     open  IR  data_not_compressed  all_spectral_sub-frames      science  L_SPE_H_SPA_F  13.000000  81.258987  17.000000 193.804840  -0.025369  -1.453690 139.986954 142.536484  74.648956 141.037323   0.012995 142.904114  0  0  0  0  1867  0
 8 102 10191 1017  332909520 2010-07-20T14:52:00.60  180  17  0  1     open  IR  data_not_compressed  all_spectral_sub-frames      science  L_SPE_H_SPA_F  13.000000  81.156197  17.000000 193.923019  -0.022683  -1.299738 139.972626 142.565125  74.566208 141.051636   0.012402 142.875458  0  0  0  0  1965  0
 8 102 10272 1017  332909540 2010-07-20T14:52:20.60  180  18  0  1     open  IR  data_not_compressed  all_spectral_sub-frames      science  L_SPE_H_SPA_F  13.000000  81.310387  17.000000 193.923019  -0.018287  -1.047835 139.958298 142.550812  74.530937 141.037323   0.012145 142.904114  0  0  0  0  1851  0
 8 102 10353 1017  332909560 2010-07-20T14:52:40.60  180  19  0  1     open  IR  data_not_compressed  all_spectral_sub-frames      science  L_SPE_H_SPA_F  13.000000  81.156197  17.000000 193.923019  -0.013892  -0.795953 139.986954 142.584229  74.568924 140.994354   0.011766 142.875458  0  0  0  0  1865  0
 8 102 10434 1017  332909580 2010-07-20T14:53:00.60  180  20  0  1     open  IR  data_not_compressed  all_spectral_sub-frames      science  L_SPE_H_SPA_F  13.000000  81.156197  17.000000 193.952560   0.022006   1.260943 139.943970 142.565125  74.552643 141.051636   0.011436 142.904114  0  0  0  0  1860  0
 8 102 10514 1017  332909600 2010-07-20T14:53:20.60  180  21  0  1     open  IR  data_not_compressed  all_spectral_sub-frames      science  L_SPE_H_SPA_F  13.000000  81.310387  17.000000 194.031342   0.028355   1.624842 139.986954 142.584229  74.488884 141.065964   0.011094 142.904114  0  0  0  0  1912  0
 8 102 10596 1017  332909620 2010-07-20T14:53:40.60  180  22  0  1     open  IR  data_not_compressed  all_spectral_sub-frames      science  L_SPE_H_SPA_F  13.000000  81.156197  17.000000 194.016571   0.032995   1.890808 139.972626 142.612885  74.543144 141.051636   0.010672 142.904114  0  0  0  0  1876  0
 8 102 10676 1017  332909640 2010-07-20T14:54:00.60  180  23  0  1     open  IR  data_not_compressed  all_spectral_sub-frames      science  L_SPE_H_SPA_F  13.000000  81.156197  17.000000 194.075653   0.037390   2.142814 139.986954 142.584229  74.620468 141.037323   0.010091 142.904114  0  0  0  0  1922  0
 8 102 10756 1017  332909660 2010-07-20T14:54:20.60  180  24  0  1     open  IR  data_not_compressed  all_spectral_sub-frames      science  L_SPE_H_SPA_F  13.000000  81.310387  17.000000 194.090424   0.039832   2.282834 139.972626 142.598541  74.536362 141.037323   0.009559 142.904114  0  0  0  0  1847  0
 8 102 10836 1017  332909680 2010-07-20T14:54:40.60  180  25  0  1     open  IR  data_not_compressed  all_spectral_sub-frames      science  L_SPE_H_SPA_F  13.000000  81.310387  17.000000 194.090424   0.044472   2.548912 139.972626 142.612885  74.475319 141.037323   0.008899 142.904114  0  0  0  0  1856  0
 8 102 10916 1017  332909700 2010-07-20T14:55:00.60  180  26  0  1     open  IR  data_not_compressed  all_spectral_sub-frames      science  L_SPE_H_SPA_F  13.000000  81.310387  17.000000 194.134735   0.048868   2.801036 139.958298 142.612885  74.522797 141.008667   0.008098 142.889786  0  0  0  0  1873  0
 8 102 10996 1017  332909720 2010-07-20T14:55:20.60  180  27  0  1     open  IR  data_not_compressed  all_spectral_sub-frames      science  L_SPE_H_SPA_F  13.000000  81.207596  17.000000 194.179047   0.022006   1.260943 139.958298 142.565125  74.506523 141.022995   0.007493 142.904114  0  0  0  0  1908  0
 8 102 11077 1017  332909740 2010-07-20T14:55:40.60  180  28  0  1     open  IR  data_not_compressed  all_spectral_sub-frames      science  L_SPE_H_SPA_F  13.000000  81.156197  17.000000 194.193817   0.028599   1.638839 139.943970 142.612885  74.650314 141.008667   0.006778 142.875458  0  0  0  0  1867  0
 8 102 11157 1017  332909760 2010-07-20T14:56:00.60  180  29  0  1     open  IR  data_not_compressed  all_spectral_sub-frames      science  L_SPE_H_SPA_F  13.000000  81.310387  17.000000 194.238129   0.032995   1.890808 139.986954 142.598541  74.600121 141.037323   0.006099 142.918442  0  0  0  0  1869  0
 8 102 11238 1017  332909780 2010-07-20T14:56:20.60  180  30  0  1     open  IR  data_not_compressed  all_spectral_sub-frames      science  L_SPE_H_SPA_F  13.000000  81.156197  17.000000 194.223358   0.037390   2.142814 140.001282 142.612885  74.572990 141.051636   0.005629 142.861145  0  0  0  0  1902  0
 8 102 11318 1017  332909800 2010-07-20T14:56:40.60  180  31  0  1     open  IR  data_not_compressed  all_spectral_sub-frames      science  L_SPE_H_SPA_F  13.000000  81.207596  17.000000 194.302139   0.040077   2.296837 139.986954 142.584229  74.482101 141.008667   0.005164 142.904114  0  0  0  0  1939  0
 8 102 11398 1017  332909820 2010-07-20T14:57:00.60  180  32  0  1     open  IR  data_not_compressed  all_spectral_sub-frames      science  L_SPE_H_SPA_F  13.000000  81.310387  17.000000 194.302139   0.044472   2.548912 139.958298 142.584229  74.533653 141.065964   0.004816 142.904114  0  0  0  0  1862  0
 8 102 11478 1017  332909840 2010-07-20T14:57:20.60  180  33  0  1     open  IR  data_not_compressed  all_spectral_sub-frames      science  L_SPE_H_SPA_F  13.000000  81.361778  17.000000 194.331680   0.048868   2.801036 139.972626 142.598541  74.556709 141.051636   0.004614 142.875458  0  0  0  0  1948  0
 8 102 11559 1017  332909860 2010-07-20T14:57:40.60  180  34  0  1     open  IR  data_not_compressed  all_spectral_sub-frames      science  L_SPE_H_SPA_F  13.000000  81.207596  17.000000 194.331680   0.086719   4.974872 139.986954 142.598541  74.541794 141.037323   0.004235 142.889786  0  0  0  0  1906  0
 8 102 11640 1017  332909880 2010-07-20T14:58:00.60  180  35  0  1     open  IR  data_not_compressed  all_spectral_sub-frames      science  L_SPE_H_SPA_F  13.000000  81.361778  17.000000 194.390762   0.091114   5.227723 139.958298 142.612885  74.520088 141.022995   0.003801 142.875458  0  0  0  0  1911  0
 8 102 11720 1017  332909900 2010-07-20T14:58:20.60  180  36  0  1     open  IR  data_not_compressed  all_spectral_sub-frames      science  L_SPE_H_SPA_F  13.000000  81.258987  17.000000 194.435074   0.095510   5.480676 139.986954 142.627197  74.543144 141.037323   0.003428 142.889786  0  0  0  0  1985  0
 8 102 11801 1017  332909920 2010-07-20T14:58:40.60  180  37  0  1   closed  IR  data_not_compressed  all_spectral_sub-frames      science  L_SPE_H_SPA_F  13.000000  81.361778  17.000000 194.449844   0.099906   5.733737 139.972626 142.627197  74.606903 141.037323   0.002737 142.904114  0  0  0  0  1888  0
 8 102 11882 1017  332909940 2010-07-20T14:59:00.60  180  38  0  1     open  IR  data_not_compressed  all_spectral_sub-frames      science  L_SPE_H_SPA_F  13.000000  81.207596  17.000000 194.435074   0.099906   5.733737 139.958298 142.627197  74.471252 141.037323   0.002676 142.875458  0  0  0  0  1897  0
 8 102 11962 1017  332909960 2010-07-20T14:59:20.60  180  39  0  1     open  IR  data_not_compressed  all_spectral_sub-frames      science  L_SPE_H_SPA_F  13.000000  81.310387  17.000000 194.494171   0.055160   3.162066 139.958298 142.612885  74.514664 141.065964   0.020984 142.875458  0  0  0  0  1881  0
 8 102 12042 1017  332909980 2010-07-20T14:59:40.60  180  40  0  1     open  IR  data_not_compressed  all_spectral_sub-frames      science  L_SPE_H_SPA_F  13.000000  81.361778  17.000000 194.508942   0.050521   2.895854 140.001282 142.612885  74.547218 141.037323   0.019970 142.889786  0  0  0  0  1857  0
 8 102 12122 1017  332910000 2010-07-20T15:00:00.60  180  41  0  1     open  IR  data_not_compressed  all_spectral_sub-frames      science  L_SPE_H_SPA_F  13.000000  81.310387  17.000000 194.523712   0.048079   2.755767 140.015594 142.627197  74.589272 141.051636   0.019144 142.904114  0  0  0  0  1874  0
 8 102 12203 1017  332910020 2010-07-20T15:00:20.60  180  42  0  1     open  IR  data_not_compressed  all_spectral_sub-frames      science  L_SPE_H_SPA_F  13.000000  81.310387  17.000000 194.617249   0.043439   2.489647 139.958298 142.584229  74.556709 141.051636   0.018344 142.918442  0  0  0  0  1868  0
 8 102 12284 1017  332910040 2010-07-20T15:00:40.60  180  43  0  1     open  IR  data_not_compressed  all_spectral_sub-frames      science  L_SPE_H_SPA_F  13.000000  81.207596  17.000000 194.617249  -0.040998  -2.349657 139.958298 142.627197  74.517372 141.037323   0.017696 142.904114  0  0  0  0  1930  0
 8 102 12366 1017  332910060 2010-07-20T15:01:00.60  180  44  0  1     open  IR  data_not_compressed  all_spectral_sub-frames      science  L_SPE_H_SPA_F  13.000000  81.258987  17.000000 194.617249  -0.034404  -1.971614 139.972626 142.598541  74.533653 141.051636   0.017188 142.904114  0  0  0  0  1864  0
 8 102 12446 1017  332910080 2010-07-20T15:01:20.60  180  45  0  1     open  IR  data_not_compressed  all_spectral_sub-frames      science  L_SPE_H_SPA_F  13.000000  81.310387  17.000000 194.705872  -0.030009  -1.719633 139.986954 142.584229  74.495667 141.051636   0.016675 142.961411  0  0  0  0  1894  0
 8 102 12528 1017  332910100 2010-07-20T15:01:40.60  180  46  0  1     open  IR  data_not_compressed  all_spectral_sub-frames      science  L_SPE_H_SPA_F  13.000000  81.464516  17.000000 194.676331  -0.025613  -1.467686 139.986954 142.627197  74.631317 141.051636   0.016357 142.932755  0  0  0  0  1854  0
 8 102 12609 1017  332910120 2010-07-20T15:02:00.60  180  47  0  1     open  IR  data_not_compressed  all_spectral_sub-frames      science  L_SPE_H_SPA_F  13.000000  81.413116  17.000000 194.720642  -0.020973  -1.201773 140.001282 142.612885  74.658447 141.094604   0.015984 142.889786  0  0  0  0  1858  0
 8 102 12689 1017  332910140 2010-07-20T15:02:20.60  180  48  0  1     open  IR  data_not_compressed  all_spectral_sub-frames      science  L_SPE_H_SPA_F  13.000000  81.464516  17.000000 194.750183  -0.018531  -1.061830 139.972626 142.598541  74.463112 141.051636   0.015605 142.918442  0  0  0  0  1911  0
 8 102 12770 1017  332910160 2010-07-20T15:02:40.60  180  49  0  1     open  IR  data_not_compressed  all_spectral_sub-frames      science  L_SPE_H_SPA_F  13.000000  81.464516  17.000000 194.764954  -0.013892  -0.795953 139.986954 142.612885  74.483459 141.051636   0.015195 142.904114  0  0  0  0  1881  0
 8 102 12851 1017  332910180 2010-07-20T15:03:00.60  180  50  0  1     open  IR  data_not_compressed  all_spectral_sub-frames      science  L_SPE_H_SPA_F  13.000000  81.310387  17.000000 194.779724  -0.040754  -2.335654 139.986954 142.627197  74.513306 141.037323   0.014774 142.904114  0  0  0  0  1885  0
 8 102 12931 1017  332910200 2010-07-20T15:03:20.60  180  51  0  1     open  IR  data_not_compressed  all_spectral_sub-frames      science  L_SPE_H_SPA_F  13.000000  81.464516  17.000000 194.794495  -0.034404  -1.971614 139.986954 142.565125  74.547218 141.037323   0.014297 142.904114  0  0  0  0  1936  0
 8 102 13011 1017  332910220 2010-07-20T15:03:40.60  180  52  0  1     open  IR  data_not_compressed  all_spectral_sub-frames      science  L_SPE_H_SPA_F  13.000000  81.464516  17.000000 194.824036  -0.029765  -1.705636 139.972626 142.641525  74.639458 141.051636   0.013612 142.889786  0  0  0  0  1881  0
 8 102 13091 1017  332910240 2010-07-20T15:04:00.60  180  53  0  1     open  IR  data_not_compressed  all_spectral_sub-frames      science  L_SPE_H_SPA_F  13.000000  81.413116  17.000000 194.824036  -0.025369  -1.453690 139.972626 142.627197  74.594696 141.037323   0.012970 142.861145  0  0  0  0  1857  0
 8 102 13172 1017  332910260 2010-07-20T15:04:20.60  180  54  0  1     open  IR  data_not_compressed  all_spectral_sub-frames      science  L_SPE_H_SPA_F  13.000000  81.464516  17.000000 194.888062  -0.022683  -1.299738 139.972626 142.612885  74.532295 141.037323   0.012298 142.861145  0  0  0  0  1933  0
 8 102 13252 1017  332910280 2010-07-20T15:04:40.60  180  55  0  1     open  IR  data_not_compressed  all_spectral_sub-frames      science  L_SPE_H_SPA_F  13.000000  81.413116  17.000000 194.947144  -0.018287  -1.047835 140.001282 142.627197  74.501099 141.065964   0.011552 142.904114  0  0  0  0  1861  0
 8 102 13333 1017  332910300 2010-07-20T15:05:00.60  180  56  0  1     open  IR  data_not_compressed  all_spectral_sub-frames      science  L_SPE_H_SPA_F  13.000000  81.413116  17.000000 194.932373  -0.013892  -0.795953 139.986954 142.641525  74.555359 141.051636   0.010947 142.904114  0  0  0  0  1938  0
 8 102 13414 1017  332910320 2010-07-20T15:05:20.60  180  57  0  1     open  IR  data_not_compressed  all_spectral_sub-frames      science  L_SPE_H_SPA_F  13.000000  81.464516  17.000000 194.932373   0.022006   1.260943 139.958298 142.627197  74.635391 141.008667   0.010305 142.904114  0  0  0  0  1924  0
 8 102 13494 1017  332910340 2010-07-20T15:05:40.60  180  58  0  1     open  IR  data_not_compressed  all_spectral_sub-frames      science  L_SPE_H_SPA_F  13.000000  81.258987  17.000000 194.976685   0.028355   1.624842 140.001282 142.627197  74.516014 141.037323   0.009755 142.961411  0  0  0  0  1885  0
 8 102 13574 1017  332910360 2010-07-20T15:06:00.60  180  59  0  1     open  IR  data_not_compressed  all_spectral_sub-frames      science  L_SPE_H_SPA_F  13.000000  81.515907  17.000000 195.020996   0.032995   1.890808 139.958298 142.612885  74.547218 141.037323   0.009333 142.904114  0  0  0  0  1884  0
 8 102 13655 1017  332910380 2010-07-20T15:06:20.60  180  60  0  1     open  IR  data_not_compressed  all_spectral_sub-frames      science  L_SPE_H_SPA_F  13.000000  81.464516  17.000000 195.065292   0.037390   2.142814 139.972626 142.627197  74.590622 141.051636   0.008954 142.904114  0  0  0  0  1861  0
 8 102 13736 1017  332910400 2010-07-20T15:06:40.60  180  61  0  1     open  IR  data_not_compressed  all_spectral_sub-frames      science  L_SPE_H_SPA_F  13.000000  81.310387  17.000000 195.006226   0.039832   2.282834 139.972626 142.612885  74.593338 141.080292   0.008587 142.918442  0  0  0  0  1844  0
 8 102 13816 1017  332910420 2010-07-20T15:07:00.60  180  62  0  1     open  IR  data_not_compressed  all_spectral_sub-frames      science  L_SPE_H_SPA_F  13.000000  81.310387  17.000000 195.065292   0.044472   2.548912 139.986954 142.612885  74.543144 141.037323   0.008324 142.932755  0  0  0  0  1966  0
 8 102 13899 1017  332910440 2010-07-20T15:07:20.60  180  63  0  1     open  IR  data_not_compressed  all_spectral_sub-frames      science  L_SPE_H_SPA_F  13.000000  81.361778  17.000000 195.094833   0.048868   2.801036 139.986954 142.641525  74.564850 141.051636   0.007860 142.918442  0  0  0  0  1898  0
 8 102 13980 1017  332910460 2010-07-20T15:07:40.60  180  64  0  1     open  IR  data_not_compressed  all_spectral_sub-frames      science  L_SPE_H_SPA_F  13.000000  81.515907  17.000000 195.124390   0.022006   1.260943 139.986954 142.584229  74.541794 141.037323   0.007493 142.918442  0  0  0  0  1888  0
 8 102 14060 1017  332910480 2010-07-20T15:08:00.60  180  65  0  1     open  IR  data_not_compressed  all_spectral_sub-frames      science  L_SPE_H_SPA_F  13.000000  81.515907  17.000000 195.173615   0.028599   1.638839 139.958298 142.627197  74.568924 141.037323   0.006912 142.904114  0  0  0  0  1867  0
 8 102 14141 1017  332910500 2010-07-20T15:08:20.60  180  66  0  1     open  IR  data_not_compressed  all_spectral_sub-frames      science  L_SPE_H_SPA_F  13.000000  81.361778  17.000000 195.188385   0.032995   1.890808 140.001282 142.627197  74.454971 141.051636   0.006442 142.918442  0  0  0  0  1877  0
 8 102 14223 1017  332910520 2010-07-20T15:08:40.60  180  67  0  1     open  IR  data_not_compressed  all_spectral_sub-frames      science  L_SPE_H_SPA_F  13.000000  81.515907  17.000000 195.188385   0.037390   2.142814 140.001282 142.627197  74.597404 141.037323   0.005733 142.861145  0  0  0  0  1899  0
 8 102 14303 1017  332910540 2010-07-20T15:09:00.60  180  68  0  1     open  IR  data_not_compressed  all_spectral_sub-frames      science  L_SPE_H_SPA_F  13.000000  81.464516  17.000000 195.203156   0.040077   2.296837 139.958298 142.627197  74.647598 141.051636   0.005097 142.932755  0  0  0  0  1946  0
 8 102 14384 1017  332910560 2010-07-20T15:09:20.60  180  69  0  1     open  IR  data_not_compressed  all_spectral_sub-frames      science  L_SPE_H_SPA_F  13.000000  81.464516  17.000000 195.247482   0.044472   2.548912 140.001282 142.627197  74.514664 141.065964   0.004327 142.904114  0  0  0  0  1873  0
 8 102 14464 1017  332910580 2010-07-20T15:09:40.60  180  70  0  1     open  IR  data_not_compressed  all_spectral_sub-frames      science  L_SPE_H_SPA_F  13.000000  81.310387  17.000000 195.262253   0.048868   2.801036 139.986954 142.612885  74.533653 141.051636   0.003672 142.904114  0  0  0  0  1864  0
 8 102 14545 1017  332910600 2010-07-20T15:10:00.60  180  71  0  1     open  IR  data_not_compressed  all_spectral_sub-frames      science  L_SPE_H_SPA_F  13.000000  81.515907  17.000000 195.321335   0.086719   4.974872 139.972626 142.627197  74.516014 141.037323   0.003012 142.889786  0  0  0  0  1880  0
 8 102 14626 1017  332910620 2010-07-20T15:10:20.60  180  72  0  1     open  IR  data_not_compressed  all_spectral_sub-frames      science  L_SPE_H_SPA_F  13.000000  81.310387  17.000000 195.306564   0.091114   5.227723 139.972626 142.641525  74.612328 141.051636   0.002480 142.961411  0  0  0  0  1912  0
 8 102 14707 1017  332910640 2010-07-20T15:10:40.60  180  73  0  1   closed  IR  data_not_compressed  all_spectral_sub-frames      science  L_SPE_H_SPA_F  13.000000  81.361778  17.000000 195.336105   0.095510   5.480676 139.986954 142.612885  74.631317 141.037323   0.001894 142.918442  0  0  0  0  2050  0
 8 102 14789 1017  332910660 2010-07-20T15:11:00.60  180  74  0  1     open  IR  data_not_compressed  all_spectral_sub-frames      science  L_SPE_H_SPA_F  13.000000  81.464516  17.000000 195.336105   0.095510   5.480676 140.029922 142.641525  74.419708 141.051636   0.001991 142.918442  0  0  0  0  1961  0
 8 102 14870 1017  332910680 2010-07-20T15:11:20.60  180  75  0  1     open  IR  data_not_compressed  all_spectral_sub-frames      science  L_SPE_H_SPA_F  13.000000  81.515907  17.000000 195.395187   0.099906   5.733737 140.001282 142.598541  74.505165 141.051636   0.001631 142.904114  0  0  0  0  1872  0
 8 102 14950 1017  332910700 2010-07-20T15:11:40.60  180  76  0  1     open  IR  data_not_compressed  all_spectral_sub-frames      science  L_SPE_H_SPA_F  13.000000  81.515907  17.000000 195.409958   0.055160   3.162066 140.015594 142.612885  74.624535 141.037323   0.020728 142.904114  0  0  0  0  1865  0
 8 102 15030 1017  332910720 2010-07-20T15:12:00.60  180  77  0  1     open  IR  data_not_compressed  all_spectral_sub-frames      science  L_SPE_H_SPA_F  13.000000  81.515907  17.000000 195.424728   0.050521   2.895854 139.972626 142.598541  74.552643 141.094604   0.020129 142.918442  0  0  0  0  1897  0
 8 102 15112 1017  332910740 2010-07-20T15:12:20.60  180  78  0  1     open  IR  data_not_compressed  all_spectral_sub-frames      science  L_SPE_H_SPA_F  13.000000  81.464516  17.000000 195.488739   0.048079   2.755767 140.015594 142.550812  74.549927 141.051636   0.019536 142.875458  0  0  0  0  1865  0
 8 102 15193 1017  332910760 2010-07-20T15:12:40.60  180  79  0  1     open  IR  data_not_compressed  all_spectral_sub-frames      science  L_SPE_H_SPA_F  13.000000  81.515907  17.000000 195.459198   0.043439   2.489647 140.001282 142.627197  74.545860 141.051636   0.018973 142.875458  0  0  0  0  1909  0
 8 102 15274 1017  332910780 2010-07-20T15:13:00.60  180  80  0  1     open  IR  data_not_compressed  all_spectral_sub-frames      science  L_SPE_H_SPA_F  13.000000  81.413116  17.000000 195.503510  -0.040998  -2.349657 139.986954 142.612885  74.554001 141.051636   0.018454 142.918442  0  0  0  0  1957  0
 8 102 15355 1017  332910800 2010-07-20T15:13:20.60  180  81  0  1     open  IR  data_not_compressed  all_spectral_sub-frames      science  L_SPE_H_SPA_F  13.000000  81.361778  17.000000 195.518280  -0.034404  -1.971614 140.015594 142.627197  74.521446 141.037323   0.017812 142.904114  0  0  0  0  1869  0
 8 102 15435 1017  332910820 2010-07-20T15:13:40.60  180  82  0  1     open  IR  data_not_compressed  all_spectral_sub-frames      science  L_SPE_H_SPA_F  13.000000  81.567307  17.000000 195.547821  -0.030009  -1.719633 139.986954 142.612885  74.479393 141.094604   0.017188 142.904114  0  0  0  0  1884  0
 8 102 15515 1017  332910840 2010-07-20T15:14:00.60  180  83  0  1     open  IR  data_not_compressed  all_spectral_sub-frames      science  L_SPE_H_SPA_F  13.000000  81.515907  17.000000 195.577362  -0.025613  -1.467686 140.029922 142.627197  74.572990 141.037323   0.016455 142.904114  0  0  0  0  1924  0
 8 102 15595 1017  332910860 2010-07-20T15:14:20.60  180  84  0  1     open  IR  data_not_compressed  all_spectral_sub-frames      science  L_SPE_H_SPA_F  13.000000  81.515907  17.000000 195.577362  -0.020973  -1.201773 139.986954 142.627197  74.615044 141.051636   0.015721 142.932755  0  0  0  0  1861  0
 8 102 15677 1017  332910880 2010-07-20T15:14:40.60  180  85  0  1     open  IR  data_not_compressed  all_spectral_sub-frames      science  L_SPE_H_SPA_F  13.000000  81.515907  17.000000 195.636444  -0.018531  -1.061830 140.015594 142.612885  74.590622 141.037323   0.015171 142.904114  0  0  0  0  2089  0
 8 102 15758 1017  332910900 2010-07-20T15:15:00.60  180  86  0  1     open  IR  data_not_compressed  all_spectral_sub-frames      science  L_SPE_H_SPA_F  13.000000  81.361778  17.000000 195.636444  -0.013892  -0.795953 139.972626 142.612885  74.521446 141.037323   0.014523 142.932755  0  0  0  0  1889  0
 8 102 15838 1017  332910920 2010-07-20T15:15:20.60  180  87  0  1     open  IR  data_not_compressed  all_spectral_sub-frames      science  L_SPE_H_SPA_F  13.000000  81.618698  17.000000 195.606903  -0.040754  -2.335654 140.029922 142.612885  74.296265 141.051636   0.013930 142.904114  0  0  0  0  1921  0
 8 102 15918 1017  332910940 2010-07-20T15:15:40.60  180  88  0  1     open  IR  data_not_compressed  all_spectral_sub-frames      science  L_SPE_H_SPA_F  13.000000  81.361778  17.000000 195.636444  -0.034404  -1.971614 140.001282 142.627197  74.498383 141.037323   0.013355 142.932755  0  0  0  0  1902  0
 8 102 15998 1017  332910960 2010-07-20T15:16:00.60  180  89  0  1     open  IR  data_not_compressed  all_spectral_sub-frames      science  L_SPE_H_SPA_F  13.000000  81.361778  17.000000 195.695526  -0.029765  -1.705636 140.001282 142.627197  74.601479 141.037323   0.012836 142.932755  0  0  0  0  1915  0
 8 102 16078 1017  332910980 2010-07-20T15:16:20.60  180  90  0  1     open  IR  data_not_compressed  all_spectral_sub-frames      science  L_SPE_H_SPA_F  13.000000  81.361778  17.000000 195.695526  -0.025369  -1.453690 139.986954 142.641525  74.578415 141.094604   0.012420 142.918442  0  0  0  0  1902  0
 8 102 16158 1017  332911000 2010-07-20T15:16:40.60  180  91  0  1     open  IR  data_not_compressed  all_spectral_sub-frames      science  L_SPE_H_SPA_F  13.000000  81.567307  17.000000 195.729996  -0.022683  -1.299738 139.986954 142.612885  74.526871 141.065964   0.012127 142.961411  0  0  0  0  1878  0
 8 102 16238 1017  332911020 2010-07-20T15:17:00.60  180  92  0  1     open  IR  data_not_compressed  all_spectral_sub-frames      science  L_SPE_H_SPA_F  13.000000  81.567307  17.000000 195.729996  -0.018287  -1.047835 140.001282 142.612885  74.570274 141.094604   0.011736 142.904114  0  0  0  0  1852  0
 8 102 16318 1017  332911040 2010-07-20T15:17:20.60  180  93  0  1     open  IR  data_not_compressed  all_spectral_sub-frames      science  L_SPE_H_SPA_F  13.000000  81.413116  17.000000 195.744766  -0.013892  -0.795953 140.015594 142.627197  74.505165 141.051636   0.011454 142.918442  0  0  0  0  1939  0
 8 102    15 1017  332911060 2010-07-20T15:17:40.60  180  94  0  1     open  IR  data_not_compressed  all_spectral_sub-frames      science  L_SPE_H_SPA_F  13.000000  81.413116  17.000000 195.789078   0.022006   1.260943 140.015594 142.641525  74.468536 141.051636   0.011026 142.904114  0  0  0  0  1888  0
 8 102    95 1017  332911080 2010-07-20T15:18:00.60  180  95  0  1     open  IR  data_not_compressed  all_spectral_sub-frames      science  L_SPE_H_SPA_F  13.000000  81.361778  17.000000 195.848175   0.028355   1.624842 140.015594 142.641525  74.499741 141.051636   0.010470 142.932755  0  0  0  0  1889  0
 8 102   176 1017  332911100 2010-07-20T15:18:20.60  180  96  0  1     open  IR  data_not_compressed  all_spectral_sub-frames      science  L_SPE_H_SPA_F  13.000000  81.413116  17.000000 195.803848   0.032995   1.890808 139.986954 142.627197  74.646240 141.051636   0.010048 142.904114  0  0  0  0  1947  0
 8 102   258 1017  332911120 2010-07-20T15:18:40.60  180  97  0  1     open  IR  data_not_compressed  all_spectral_sub-frames      science  L_SPE_H_SPA_F  13.000000  81.464516  17.000000 195.877716   0.037390   2.142814 140.015594 142.641525  74.539078 141.065964   0.009345 142.904114  0  0  0  0  1886  0
 8 102   338 1017  332911140 2010-07-20T15:19:00.60  180  98  0  1     open  IR  data_not_compressed  all_spectral_sub-frames      science  L_SPE_H_SPA_F  13.000000  81.618698  17.000000 195.848175   0.039832   2.282834 140.029922 142.641525  74.612328 141.051636   0.008875 142.918442  0  0  0  0  1850  0
 8 102   418 1017  332911160 2010-07-20T15:19:20.60  180  99  0  1     open  IR  data_not_compressed  all_spectral_sub-frames      science  L_SPE_H_SPA_F  13.000000  81.515907  17.000000 195.892487   0.044472   2.548912 140.015594 142.627197  74.547218 141.008667   0.008068 142.918442  0  0  0  0  1844  0
 8 102   498 1017  332911180 2010-07-20T15:19:40.60  180 100  0  1     open  IR  data_not_compressed  all_spectral_sub-frames      science  L_SPE_H_SPA_F  13.000000  81.464516  17.000000 195.936798   0.048868   2.801036 140.001282 142.627197  74.509232 141.022995   0.007328 142.904114  0  0  0  0  1870  0
 8 102   578 1017  332911200 2010-07-20T15:20:00.60  180 101  0  1     open  IR  data_not_compressed  all_spectral_sub-frames      science  L_SPE_H_SPA_F  13.000000  81.310387  17.000000 195.936798   0.022006   1.260943 140.029922 142.670166  74.535011 141.051636   0.006772 142.904114  0  0  0  0  1914  0
 8 102   658 1017  332911220 2010-07-20T15:20:20.60  180 102  0  1     open  IR  data_not_compressed  all_spectral_sub-frames      science  L_SPE_H_SPA_F  13.000000  81.567307  17.000000 195.966339   0.028599   1.638839 140.001282 142.612885  74.490242 141.094604   0.006075 142.904114  0  0  0  0  1865  0
 8 102   740 1017  332911240 2010-07-20T15:20:40.60  180 103  0  1     open  IR  data_not_compressed  all_spectral_sub-frames      science  L_SPE_H_SPA_F  13.000000  81.361778  17.000000 195.966339   0.032995   1.890808 140.001282 142.627197  74.526871 141.051636   0.005402 142.918442  0  0  0  0  1896  0
 8 102   820 1017  332911260 2010-07-20T15:21:00.60  180 104  0  1     open  IR  data_not_compressed  all_spectral_sub-frames      science  L_SPE_H_SPA_F  13.000000  81.310387  17.000000 196.015579   0.037390   2.142814 140.001282 142.612885  74.492958 141.037323   0.005078 142.961411  0  0  0  0  2244  0
 8 102   901 1017  332911280 2010-07-20T15:21:20.60  180 105  0  1     open  IR  data_not_compressed  all_spectral_sub-frames      science  L_SPE_H_SPA_F  13.000000  81.515907  17.000000 195.981110   0.040077   2.296837 140.015594 142.612885  74.509232 141.051636   0.004614 142.918442  0  0  0  0  1876  0
 8 102   981 1017  332911300 2010-07-20T15:21:40.60  180 106  0  1     open  IR  data_not_compressed  all_spectral_sub-frames      science  L_SPE_H_SPA_F  13.000000  81.464516  17.000000 195.981110   0.044472   2.548912 140.029922 142.612885  74.552643 141.080292   0.004278 142.947083  0  0  0  0  1979  0
 8 102  1063 1017  332911320 2010-07-20T15:22:00.60  180 107  0  1     open  IR  data_not_compressed  all_spectral_sub-frames      science  L_SPE_H_SPA_F  13.000000  81.464516  17.000000 196.074661   0.048868   2.801036 140.029922 142.584229  74.552643 141.065964   0.003984 142.961411  0  0  0  0  1853  0
 8 102  1143 1017  332911340 2010-07-20T15:22:20.60  180 108  0  1     open  IR  data_not_compressed  all_spectral_sub-frames      science  L_SPE_H_SPA_F  13.000000  81.361778  17.000000 196.059891   0.086719   4.974872 140.015594 142.627197  74.535011 141.094604   0.003581 142.904114  0  0  0  0  1857  0
 8 102  1224 1017  332911360 2010-07-20T15:22:40.60  180 109  0  1   closed  IR  data_not_compressed  all_spectral_sub-frames      science  L_SPE_H_SPA_F  13.000000  81.515907  17.000000 196.104202   0.091114   5.227723 140.015594 142.612885  74.615044 141.051636   0.003202 142.918442  0  0  0  0  1896  0
 8 102  1305 1017  332911380 2010-07-20T15:23:00.60  180 110  0  1     open  IR  data_not_compressed  all_spectral_sub-frames      science  L_SPE_H_SPA_F  13.000000  81.618698  17.000000 196.118973   0.091114   5.227723 140.029922 142.612885  74.533653 141.094604   0.003312 142.918442  0  0  0  0  1896  0
 8 102  1385 1017  332911400 2010-07-20T15:23:20.60  180 111  0  1     open  IR  data_not_compressed  all_spectral_sub-frames      science  L_SPE_H_SPA_F  13.000000  81.464516  17.000000 196.148514   0.095510   5.480676 140.044235 142.598541  74.473969 141.051636   0.002652 142.932755  0  0  0  0  1886  0
 8 102  1465 1017  332911420 2010-07-20T15:23:40.60  180 112  0  1     open  IR  data_not_compressed  all_spectral_sub-frames      science  L_SPE_H_SPA_F  13.000000  81.464516  17.000000 196.178055   0.099906   5.733737 140.015594 142.627197  74.647598 141.037323   0.002224 142.918442  0  0  0  0  2033  0
 8 102  1547 1017  332911440 2010-07-20T15:24:00.60  180 113  0  1     open  IR  data_not_compressed  all_spectral_sub-frames      science  L_SPE_H_SPA_F  13.000000  81.361778  17.000000 196.163284   0.055160   3.162066 140.015594 142.612885  74.621826 141.037323   0.020838 142.918442  0  0  0  0  1907  0
 8 102  1627 1017  332911460 2010-07-20T15:24:20.60  180 114  0  1     open  IR  data_not_compressed  all_spectral_sub-frames      science  L_SPE_H_SPA_F  13.000000  81.464516  17.000000 196.207596   0.050521   2.895854 140.001282 142.598541  74.560783 141.065964   0.019976 142.904114  0  0  0  0  1864  0
 8 102  1707 1017  332911480 2010-07-20T15:24:40.60  180 115  0  1     open  IR  data_not_compressed  all_spectral_sub-frames      science  L_SPE_H_SPA_F  13.000000  81.567307  17.000000 196.207596   0.048079   2.755767 140.015594 142.627197  74.570274 141.051636   0.019157 142.904114  0  0  0  0  1878  0
 8 102  1788 1017  332911500 2010-07-20T15:25:00.60  180 116  0  1     open  IR  data_not_compressed  all_spectral_sub-frames      science  L_SPE_H_SPA_F  13.000000  81.567307  17.000000 196.251907   0.043439   2.489647 140.044235 142.627197  74.639458 141.051636   0.018289 142.918442  0  0  0  0  1882  0
 8 102  1868 1017  332911520 2010-07-20T15:25:20.60  180 117  0  1     open  IR  data_not_compressed  all_spectral_sub-frames      science  L_SPE_H_SPA_F  13.000000  81.464516  17.000000 196.222366  -0.040998  -2.349657 140.044235 142.598541  74.586555 141.037323   0.017628 142.904114  0  0  0  0  1896  0
 8 102  1948 1017  332911540 2010-07-20T15:25:40.60  180 118  0  1     open  IR  data_not_compressed  all_spectral_sub-frames      science  L_SPE_H_SPA_F  13.000000  81.361778  17.000000 196.251907  -0.034404  -1.971614 140.015594 142.612885  74.559425 141.051636   0.017023 142.961411  0  0  0  0  1874  0
 8 102  2028 1017  332911560 2010-07-20T15:26:00.60  180 119  0  1     open  IR  data_not_compressed  all_spectral_sub-frames      science  L_SPE_H_SPA_F  13.000000  81.515907  17.000000 196.281448  -0.030009  -1.719633 140.029922 142.627197  74.570274 141.065964   0.016491 142.918442  0  0  0  0  2013  0
 8 102  2109 1017  332911580 2010-07-20T15:26:20.60  180 120  0  1     open  IR  data_not_compressed  all_spectral_sub-frames      science  L_SPE_H_SPA_F  13.000000  81.464516  17.000000 196.296219  -0.025613  -1.467686 140.044235 142.584229  74.570274 141.051636   0.016094 142.918442  0  0  0  0  1969  0
 8 102  2190 1017  332911600 2010-07-20T15:26:40.60  180 121  0  1     open  IR  data_not_compressed  all_spectral_sub-frames      science  L_SPE_H_SPA_F  13.000000  81.567307  17.000000 196.315918  -0.020973  -1.201773 140.001282 142.565125  74.532295 141.051636   0.015709 142.961411  0  0  0  0  1852  0
 8 102  2271 1017  332911620 2010-07-20T15:27:00.60  180 122  0  1     open  IR  data_not_compressed  all_spectral_sub-frames      science  L_SPE_H_SPA_F  13.000000  81.618698  17.000000 196.330688  -0.018531  -1.061830 140.029922 142.612885  74.566208 141.094604   0.015367 142.932755  0  0  0  0  1854  0
 8 102  2351 1017  332911640 2010-07-20T15:27:20.60  180 123  0  1     open  IR  data_not_compressed  all_spectral_sub-frames      science  L_SPE_H_SPA_F  13.000000  81.618698  17.000000 196.375000  -0.013892  -0.795953 140.015594 142.612885  74.536362 141.065964   0.014975 142.904114  0  0  0  0  1883  0
 8 102  2431 1017  332911660 2010-07-20T15:27:40.60  180 124  0  1     open  IR  data_not_compressed  all_spectral_sub-frames      science  L_SPE_H_SPA_F  13.000000  81.618698  17.000000 196.375000  -0.040754  -2.335654 140.001282 142.627197  74.701859 141.108932   0.014603 142.961411  0  0  0  0  2043  0
 8 102  2513 1017  332911680 2010-07-20T15:28:00.60  180 125  0  1     open  IR  data_not_compressed  all_spectral_sub-frames      science  L_SPE_H_SPA_F  13.000000  81.618698  17.000000 196.419312  -0.034404  -1.971614 140.044235 142.612885  74.571632 141.051636   0.014144 142.961411  0  0  0  0  1896  0
 8 102  2594 1017  332911700 2010-07-20T15:28:20.60  180 126  0  1     open  IR  data_not_compressed  all_spectral_sub-frames      science  L_SPE_H_SPA_F  13.000000  81.464516  17.000000 196.419312  -0.029765  -1.705636 140.044235 142.612885  74.465828 141.051636   0.013545 142.961411  0  0  0  0  1903  0
 8 102  2674 1017  332911720 2010-07-20T15:28:40.60  180 127  0  1     open  IR  data_not_compressed  all_spectral_sub-frames      science  L_SPE_H_SPA_F  13.000000  81.618698  17.000000 196.419312  -0.025369  -1.453690 140.044235 142.612885  74.520088 141.051636   0.012958 142.932755  0  0  0  0  1900  0
 8 102  2754 1017  332911740 2010-07-20T15:29:00.60  180 128  0  1     open  IR  data_not_compressed  all_spectral_sub-frames      science  L_SPE_H_SPA_F  13.000000  81.670097  17.000000 196.478409  -0.022683  -1.299738 140.077652 142.655838  74.665237 141.094604   0.012304 142.918442  0  0  0  0  1931  0
 8 102  2836 1017  332911760 2010-07-20T15:29:20.60  180 129  0  1     open  IR  data_not_compressed  all_spectral_sub-frames      science  L_SPE_H_SPA_F  13.000000  81.464516  17.000000 196.493179  -0.018287  -1.047835 140.029922 142.641525  74.598763 141.094604   0.011570 142.904114  0  0  0  0  1901  0
 8 102  2918 1017  332911780 2010-07-20T15:29:40.60  180 130  0  1     open  IR  data_not_compressed  all_spectral_sub-frames      science  L_SPE_H_SPA_F  13.000000  81.567307  17.000000 196.493179  -0.013892  -0.795953 140.029922 142.641525  74.572990 141.094604   0.011002 142.918442  0  0  0  0  1920  0
 8 102  2998 1017  332911800 2010-07-20T15:30:00.60  180 131  0  1     open  IR  data_not_compressed  all_spectral_sub-frames      science  L_SPE_H_SPA_F  13.000000  81.567307  17.000000 196.537491   0.022006   1.260943 140.029922 142.641525  74.628609 141.094604   0.010207 142.904114  0  0  0  0  1860  0
 8 102  3078 1017  332911820 2010-07-20T15:30:20.60  180 132  0  1     open  IR  data_not_compressed  all_spectral_sub-frames      science  L_SPE_H_SPA_F  13.000000  81.464516  17.000000 196.537491   0.028355   1.624842 140.044235 142.612885  74.506523 141.051636   0.009663 142.975723  0  0  0  0  1885  0
 8 102  3159 1017  332911840 2010-07-20T15:30:40.60  180 133  0  1     open  IR  data_not_compressed  all_spectral_sub-frames      science  L_SPE_H_SPA_F  13.000000  81.413116  17.000000 196.537491   0.032995   1.890808 140.001282 142.641525  74.539078 141.094604   0.009150 142.932755  0  0  0  0  1890  0
 8 102  3239 1017  332911860 2010-07-20T15:31:00.60  180 134  0  1     open  IR  data_not_compressed  all_spectral_sub-frames      science  L_SPE_H_SPA_F  13.000000  81.464516  17.000000 196.537491   0.037390   2.142814 140.063339 142.612885  74.591980 141.065964   0.008569 142.961411  0  0  0  0  1858  0
 8 102  3320 1017  332911880 2010-07-20T15:31:20.60  180 135  0  1     open  IR  data_not_compressed  all_spectral_sub-frames      science  L_SPE_H_SPA_F  13.000000  81.464516  17.000000 196.552261   0.039832   2.282834 140.001282 142.641525  74.563492 141.094604   0.008324 142.975723  0  0  0  0  1879  0
 8 102  3401 1017  332911900 2010-07-20T15:31:40.60  180 136  0  1     open  IR  data_not_compressed  all_spectral_sub-frames      science  L_SPE_H_SPA_F  13.000000  81.618698  17.000000 196.616272   0.044472   2.548912 140.015594 142.627197  74.685585 141.051636   0.007774 142.961411  0  0  0  0  1882  0
 8 102  3481 1017  332911920 2010-07-20T15:32:00.60  180 137  0  1     open  IR  data_not_compressed  all_spectral_sub-frames      science  L_SPE_H_SPA_F  13.000000  81.670097  17.000000 196.601501   0.048868   2.801036 140.015594 142.655838  74.548576 141.065964   0.007554 142.961411  0  0  0  0  1883  0
 8 102  3561 1017  332911940 2010-07-20T15:32:20.60  180 138  0  1     open  IR  data_not_compressed  all_spectral_sub-frames      science  L_SPE_H_SPA_F  13.000000  81.464516  17.000000 196.616272   0.022006   1.260943 140.063339 142.627197  74.514664 141.094604   0.007096 142.961411  0  0  0  0  1895  0
 8 102  3641 1017  332911960 2010-07-20T15:32:40.60  180 139  0  1     open  IR  data_not_compressed  all_spectral_sub-frames      science  L_SPE_H_SPA_F  13.000000  81.515907  17.000000 196.645813   0.028599   1.638839 140.063339 142.627197  74.478035 141.065964   0.006784 142.961411  0  0  0  0  1874  0
 8 102  3722 1017  332911980 2010-07-20T15:33:00.60  180 140  0  1     open  IR  data_not_compressed  all_spectral_sub-frames      science  L_SPE_H_SPA_F  13.000000  81.670097  17.000000 196.675354   0.032995   1.890808 140.063339 142.612885  74.558067 141.051636   0.006209 142.932755  0  0  0  0  1914  0
 8 102  3802 1017  332912000 2010-07-20T15:33:20.60  180 141  0  1     open  IR  data_not_compressed  all_spectral_sub-frames      science  L_SPE_H_SPA_F  13.000000  81.618698  17.000000 196.690125   0.037390   2.142814 140.015594 142.612885  74.530937 141.094604   0.005788 142.918442  0  0  0  0  1987  0
 8 102  3884 1017  332912020 2010-07-20T15:33:40.60  180 142  0  1     open  IR  data_not_compressed  all_spectral_sub-frames      science  L_SPE_H_SPA_F  13.000000  81.515907  17.000000 196.704895   0.040077   2.296837 140.063339 142.627197  74.567566 141.094604   0.005207 142.961411  0  0  0  0  1888  0
 8 102  3964 1017  332912040 2010-07-20T15:34:00.60  180 143  0  1     open  IR  data_not_compressed  all_spectral_sub-frames      science  L_SPE_H_SPA_F  13.000000  81.670097  17.000000 196.719666   0.044472   2.548912 140.063339 142.641525  74.570274 141.051636   0.004699 142.975723  0  0  0  0  1955  0
 8 102  4046 1017  332912060 2010-07-20T15:34:20.60  180 144  0  1     open  IR  data_not_compressed  all_spectral_sub-frames      science  L_SPE_H_SPA_F  13.000000  81.618698  17.000000 196.749207   0.048868   2.801036 140.077652 142.627197  74.503807 141.051636   0.004009 142.961411  0  0  0  0  1904  0
 8 102  4126 1017  332912080 2010-07-20T15:34:40.60  180 145  0  1   closed  IR  data_not_compressed  all_spectral_sub-frames      science  L_SPE_H_SPA_F  13.000000  81.670097  17.000000 196.763977   0.086719   4.974872 140.015594 142.641525  74.642174 141.094604   0.003177 142.918442  0  0  0  0  1950  0
 8 102  4207 1017  332912100 2010-07-20T15:35:00.60  180 146  0  1     open  IR  data_not_compressed  all_spectral_sub-frames      science  L_SPE_H_SPA_F  13.000000  81.618698  17.000000 196.749207   0.086719   4.974872 140.077652 142.612885  74.544502 141.094604   0.003055 142.904114  0  0  0  0  1864  0
 8 102  4288 1017  332912120 2010-07-20T15:35:20.60  180 147  0  1     open  IR  data_not_compressed  all_spectral_sub-frames      science  L_SPE_H_SPA_F  13.000000  81.464516  17.000000 196.793518   0.091114   5.227723 140.029922 142.670166  74.575706 141.065964   0.002456 142.961411  0  0  0  0  1919  0
 8 102  4369 1017  332912140 2010-07-20T15:35:40.60  180 148  0  1     open  IR  data_not_compressed  all_spectral_sub-frames      science  L_SPE_H_SPA_F  13.000000  81.361778  17.000000 196.808289   0.095510   5.480676 140.077652 142.612885  74.606903 141.051636   0.001832 142.975723  0  0  0  0  1848  0
 8 102  4449 1017  332912160 2010-07-20T15:36:00.60  180 149  0  1     open  IR  data_not_compressed  all_spectral_sub-frames      science  L_SPE_H_SPA_F  13.000000  81.464516  17.000000 196.808289   0.099906   5.733737 140.044235 142.584229  74.429199 141.094604   0.001184 142.918442  0  0  0  0  1854  0
 8 102  4529 1017  332912180 2010-07-20T15:36:20.60  180 150  0  1     open  IR  data_not_compressed  all_spectral_sub-frames      science  L_SPE_H_SPA_F  13.000000  81.721497  17.000000 196.808289   0.055160   3.162066 140.029922 142.641525  74.564850 141.094604   0.020324 142.918442  0  0  0  0  1930  0
 8 102  4609 1017  332912200 2010-07-20T15:36:40.60  180 151  0  1     open  IR  data_not_compressed  all_spectral_sub-frames      science  L_SPE_H_SPA_F  13.000000  81.618698  17.000000 196.852600   0.050521   2.895854 140.063339 142.612885  74.606903 141.123260   0.019670 142.918442  0  0  0  0  1858  0
 8 102  4690 1017  332912220 2010-07-20T15:37:00.60  180 152  0  1     open  IR  data_not_compressed  all_spectral_sub-frames      science  L_SPE_H_SPA_F  13.000000  81.670097  17.000000 196.837830   0.048079   2.755767 140.063339 142.627197  74.596054 141.108932   0.019144 142.961411  0  0  0  0  1928  0
 8 102  4771 1017  332912240 2010-07-20T15:37:20.60  180 153  0  1     open  IR  data_not_compressed  all_spectral_sub-frames      science  L_SPE_H_SPA_F  13.000000  81.670097  17.000000 196.837830   0.043439   2.489647 140.029922 142.627197  74.581131 141.108932   0.018637 142.961411  0  0  0  0  1896  0
 8 102  4852 1017  332912260 2010-07-20T15:37:40.60  180 154  0  1     open  IR  data_not_compressed  all_spectral_sub-frames      science  L_SPE_H_SPA_F  13.000000  81.515907  17.000000 196.901840  -0.040998  -2.349657 140.044235 142.565125  74.503807 141.137573   0.018154 142.961411  0  0  0  0  2013  0
 8 102  4933 1017  332912280 2010-07-20T15:38:00.60  180 155  0  1     open  IR  data_not_compressed  all_spectral_sub-frames      science  L_SPE_H_SPA_F  13.000000  81.515907  17.000000 196.901840  -0.034404  -1.971614 140.044235 142.565125  74.511948 141.094604   0.017751 142.961411  0  0  0  0  1865  0
 8 102  5013 1017  332912300 2010-07-20T15:38:20.60  180 156  0  1     open  IR  data_not_compressed  all_spectral_sub-frames      science  L_SPE_H_SPA_F  13.000000  81.670097  17.000000 196.901840  -0.030009  -1.719633 140.044235 142.612885  74.549927 141.094604   0.017219 142.961411  0  0  0  0  1880  0
 8 102  5093 1017  332912320 2010-07-20T15:38:40.60  180 157  0  1     open  IR  data_not_compressed  all_spectral_sub-frames      science  L_SPE_H_SPA_F  13.000000  81.670097  17.000000 196.946152  -0.025613  -1.467686 140.120636 142.627197  74.598763 141.065964   0.016712 142.932755  0  0  0  0  1905  0
 8 102  5173 1017  332912340 2010-07-20T15:39:00.60  180 158  0  1     open  IR  data_not_compressed  all_spectral_sub-frames      science  L_SPE_H_SPA_F  13.000000  81.618698  17.000000 196.975693  -0.020973  -1.201773 140.063339 142.612885  74.482101 141.094604   0.016112 142.961411  0  0  0  0  1884  0
 8 102  5253 1017  332912360 2010-07-20T15:39:20.60  180 159  0  1     open  IR  data_not_compressed  all_spectral_sub-frames      science  L_SPE_H_SPA_F  13.000000  81.618698  17.000000 196.975693  -0.018531  -1.061830 140.063339 142.641525  74.535011 141.094604   0.015477 142.932755  0  0  0  0  1932  0
 8 102  5333 1017  332912380 2010-07-20T15:39:40.60  180 160  0  1     open  IR  data_not_compressed  all_spectral_sub-frames      science  L_SPE_H_SPA_F  13.000000  81.515907  17.000000 196.990463  -0.013892  -0.795953 140.044235 142.584229  74.608261 141.051636   0.014743 142.961411  0  0  0  0  1878  0
 8 102  5413 1017  332912400 2010-07-20T15:40:00.60  180 161  0  1     open  IR  data_not_compressed  all_spectral_sub-frames      science  L_SPE_H_SPA_F  13.000000  81.618698  17.000000 197.005234  -0.040754  -2.335654 140.044235 142.627197  74.643532 141.094604   0.014028 142.918442  0  0  0  0  1866  0
 8 102  5494 1017  332912420 2010-07-20T15:40:20.60  180 162  0  1     open  IR  data_not_compressed  all_spectral_sub-frames      science  L_SPE_H_SPA_F  13.000000  81.618698  17.000000 197.034775  -0.034404  -1.971614 140.044235 142.612885  74.624535 141.108932   0.013337 142.904114  0  0  0  0  1969  0
 8 102  5575 1017  332912440 2010-07-20T15:40:40.60  180 163  0  1     open  IR  data_not_compressed  all_spectral_sub-frames      science  L_SPE_H_SPA_F  13.000000  81.670097  17.000000 197.049545  -0.029765  -1.705636 140.015594 142.612885  74.549927 141.094604   0.012701 142.961411  0  0  0  0  1860  0
 8 102  5656 1017  332912460 2010-07-20T15:41:00.60  180 164  0  1     open  IR  data_not_compressed  all_spectral_sub-frames      science  L_SPE_H_SPA_F  13.000000  81.515907  17.000000 197.079102  -0.025369  -1.453690 140.077652 142.627197  74.522797 141.037323   0.012127 142.975723  0  0  0  0  1851  0
 8 102  5737 1017  332912480 2010-07-20T15:41:20.60  180 165  0  1     open  IR  data_not_compressed  all_spectral_sub-frames      science  L_SPE_H_SPA_F  13.000000  81.618698  17.000000 197.020004  -0.022683  -1.299738 140.029922 142.641525  74.579773 141.065964   0.011674 142.961411  0  0  0  0  1938  0
 8 102  5817 1017  332912500 2010-07-20T15:41:40.60  180 166  0  1     open  IR  data_not_compressed  all_spectral_sub-frames      science  L_SPE_H_SPA_F  13.000000  81.464516  17.000000 197.079102  -0.018287  -1.047835 140.077652 142.612885  74.620468 141.065964   0.011253 142.932755  0  0  0  0  1890  0
 8 102  5897 1017  332912520 2010-07-20T15:42:00.60  180 167  0  1     open  IR  data_not_compressed  all_spectral_sub-frames      science  L_SPE_H_SPA_F  13.000000  81.618698  17.000000 197.079102  -0.013892  -0.795953 140.015594 142.627197  74.562141 141.108932   0.010794 142.975723  0  0  0  0  2175  0
 8 102  5979 1017  332912540 2010-07-20T15:42:20.60  180 168  0  1     open  IR  data_not_compressed  all_spectral_sub-frames      science  L_SPE_H_SPA_F  13.000000  81.670097  17.000000 197.108643   0.022006   1.260943 140.077652 142.627197  74.598763 141.094604   0.010495 142.961411  0  0  0  0  2153  0
 8 102  6061 1017  332912560 2010-07-20T15:42:40.60  180 169  0  1     open  IR  data_not_compressed  all_spectral_sub-frames      science  L_SPE_H_SPA_F  13.000000  81.670097  17.000000 197.079102   0.028355   1.624842 140.077652 142.641525  74.547218 141.065964   0.010164 142.975723  0  0  0  0  1875  0
 8 102  6142 1017  332912580 2010-07-20T15:43:00.60  180 170  0  1     open  IR  data_not_compressed  all_spectral_sub-frames      science  L_SPE_H_SPA_F  13.000000  81.515907  17.000000 197.152954   0.032995   1.890808 140.029922 142.670166  74.511948 141.123260   0.009816 142.975723  0  0  0  0  1876  0
 8 102  6222 1017  332912600 2010-07-20T15:43:20.60  180 171  0  1     open  IR  data_not_compressed  all_spectral_sub-frames      science  L_SPE_H_SPA_F  13.000000  81.515907  17.000000 197.152954   0.037390   2.142814 140.063339 142.641525  74.479393 141.094604   0.009327 142.961411  0  0  0  0  1885  0
 8 102  6302 1017  332912620 2010-07-20T15:43:40.60  180 172  0  1     open  IR  data_not_compressed  all_spectral_sub-frames      science  L_SPE_H_SPA_F  13.000000  81.721497  17.000000 197.123413   0.039832   2.282834 140.077652 142.641525  74.556709 141.080292   0.008838 142.961411  0  0  0  0  1861  0
 8 102  6382 1017  332912640 2010-07-20T15:44:00.60  180 173  0  1     open  IR  data_not_compressed  all_spectral_sub-frames      science  L_SPE_H_SPA_F  13.000000  81.721497  17.000000 197.202194   0.044472   2.548912 140.077652 142.627197  74.520088 141.065964   0.008404 142.961411  0  0  0  0  1918  0
 8 102  6462 1017  332912660 2010-07-20T15:44:20.60  180 174  0  1     open  IR  data_not_compressed  all_spectral_sub-frames      science  L_SPE_H_SPA_F  13.000000  81.618698  17.000000 197.216965   0.048868   2.801036 140.044235 142.627197  74.590622 141.094604   0.007817 142.961411  0  0  0  0  1897  0
 8 102  6542 1017  332912680 2010-07-20T15:44:40.60  180 175  0  1     open  IR  data_not_compressed  all_spectral_sub-frames      science  L_SPE_H_SPA_F  13.000000  81.721497  17.000000 197.187408   0.022006   1.260943 140.029922 142.641525  74.475319 141.094604   0.007059 142.918442  0  0  0  0  1860  0
 8 102  6622 1017  332912700 2010-07-20T15:45:00.60  180 176  0  1     open  IR  data_not_compressed  all_spectral_sub-frames      science  L_SPE_H_SPA_F  13.000000  81.721497  17.000000 197.216965   0.028599   1.638839 140.077652 142.641525  74.667946 141.094604   0.006436 142.961411  0  0  0  0  2173  0
 8 102  6704 1017  332912720 2010-07-20T15:45:20.60  180 177  0  1     open  IR  data_not_compressed  all_spectral_sub-frames      science  L_SPE_H_SPA_F  13.000000  81.515907  17.000000 197.231735   0.032995   1.890808 140.106308 142.641525  74.606903 141.094604   0.005623 142.904114  0  0  0  0  2036  0
 8 102  6786 1017  332912740 2010-07-20T15:45:40.60  180 178  0  1     open  IR  data_not_compressed  all_spectral_sub-frames      science  L_SPE_H_SPA_F  13.000000  81.618698  17.000000 197.231735   0.037390   2.142814 140.063339 142.670166  74.539078 141.094604   0.005103 142.947083  0  0  0  0  1917  0
 8 102  6867 1017  332912760 2010-07-20T15:46:00.60  180 179  0  1     open  IR  data_not_compressed  all_spectral_sub-frames      science  L_SPE_H_SPA_F  13.000000  81.567307  17.000000 197.290817   0.040077   2.296837 140.077652 142.612885  74.483459 141.123260   0.004406 142.975723  0  0  0  0  1992  0
 8 102  6948 1017  332912780 2010-07-20T15:46:20.60  180 180  0  1     open  IR  data_not_compressed  all_spectral_sub-frames      science  L_SPE_H_SPA_F  13.000000  81.515907  17.000000 197.261276   0.044472   2.548912 140.077652 142.627197  74.643532 141.108932   0.003838 142.961411  0  0  0  0  2017  0
                                  
