RECTIFICATION_TERMS
        2.61120e+04 0.00000e+00 1.00000e+00
        1.26600e+03 1.00000e+00 0.00000e+00
GROUND_ZERO -1.56032e+00 -3.00333e+00 0.00000e+00
LOAD_PT -1.56032e+00 -3.00333e+00 0.00000e+00
COORD_SYSTEM 1
IMAGE_MOTION 0
SENSOR_TYPE USGSAstroLineScanner
SENSOR_MODE UNKNOWN
FOCAL 6.99620e+02
ATMCO 0.00000e+00 0.00000e+00 0.00000e+00 0.00000e+00
IOCOEF_LINE 2.61120e+04 6.48457e+01 0.00000e+00 0.00000e+00 0.00000e+00 0.00000e+00 0.00000e+00 0.00000e+00 0.00000e+00 0.00000e+00
IOCOEF_SAMPLE 1.26600e+03 0.00000e+00 7.14285e+01 0.00000e+00 0.00000e+00 0.00000e+00 0.00000e+00 0.00000e+00 0.00000e+00 0.00000e+00
ABERR    0
ATMREF   0
PLATFORM   1
SOURCE_FLAG  1
SINGLE_EPHEMERIDE  0
TRI_PARAMETERS
0.00000e+00 0.00000e+00 0.00000e+00 0.00000e+00 0.00000e+00 0.00000e+00 0.00000e+00 0.00000e+00 0.00000e+00 0.00000e+00 0.00000e+00 0.00000e+00 0.00000e+00 0.00000e+00 0.00000e+00 6.99620e+02 0.00000e+00 0.00000e+00
T_CENTER  0.00000e+00
DT_EPHEM  1.38883e+00
T0_EPHEM  -3.05543e+01
NUMBER_OF_EPHEM   45
EPHEM_PTS
 -6.62237e+04 -1.95644e+04 -1.78568e+06
 -6.40789e+04 -1.87320e+04 -1.78573e+06
 -6.19341e+04 -1.78996e+04 -1.78577e+06
 -5.97893e+04 -1.70672e+04 -1.78582e+06
 -5.76446e+04 -1.62348e+04 -1.78586e+06
 -5.54998e+04 -1.54024e+04 -1.78590e+06
 -5.33550e+04 -1.45699e+04 -1.78595e+06
 -5.12102e+04 -1.37375e+04 -1.78599e+06
 -4.90655e+04 -1.29051e+04 -1.78604e+06
 -4.69207e+04 -1.20727e+04 -1.78608e+06
 -4.47759e+04 -1.12403e+04 -1.78613e+06
 -4.26311e+04 -1.04079e+04 -1.78617e+06
 -4.04863e+04 -9.57551e+03 -1.78621e+06
 -3.83413e+04 -8.74309e+03 -1.78625e+06
 -3.61963e+04 -7.91068e+03 -1.78629e+06
 -3.40513e+04 -7.07827e+03 -1.78632e+06
 -3.19062e+04 -6.24586e+03 -1.78635e+06
 -2.97610e+04 -5.41346e+03 -1.78637e+06
 -2.76157e+04 -4.58106e+03 -1.78640e+06
 -2.54704e+04 -3.74867e+03 -1.78642e+06
 -2.33251e+04 -2.91630e+03 -1.78644e+06
 -2.11797e+04 -2.08393e+03 -1.78645e+06
 -1.90342e+04 -1.25158e+03 -1.78646e+06
 -1.68888e+04 -4.19243e+02 -1.78647e+06
 -1.47433e+04 4.13078e+02 -1.78648e+06
 -1.25977e+04 1.24538e+03 -1.78648e+06
 -1.04521e+04 2.07767e+03 -1.78648e+06
 -8.30659e+03 2.90994e+03 -1.78648e+06
 -6.16098e+03 3.74219e+03 -1.78647e+06
 -4.01534e+03 4.57442e+03 -1.78646e+06
 -1.86969e+03 5.40662e+03 -1.78645e+06
 2.75958e+02 6.23880e+03 -1.78643e+06
 2.42162e+03 7.07095e+03 -1.78642e+06
 4.56728e+03 7.90308e+03 -1.78640e+06
 6.71295e+03 8.73517e+03 -1.78637e+06
 8.85862e+03 9.56726e+03 -1.78635e+06
 1.10042e+04 1.03993e+04 -1.78632e+06
 1.31499e+04 1.12314e+04 -1.78630e+06
 1.52956e+04 1.20635e+04 -1.78628e+06
 1.74412e+04 1.28956e+04 -1.78625e+06
 1.95869e+04 1.37277e+04 -1.78623e+06
 2.17326e+04 1.45598e+04 -1.78620e+06
 2.38782e+04 1.53919e+04 -1.78618e+06
 2.60239e+04 1.62240e+04 -1.78616e+06
 2.81696e+04 1.70561e+04 -1.78613e+06


EPHEM_RATES
 1.54430e+03 5.99362e+02 -3.18832e+01
 1.54430e+03 5.99362e+02 -3.18832e+01
 1.54430e+03 5.99362e+02 -3.18832e+01
 1.54430e+03 5.99362e+02 -3.18832e+01
 1.54430e+03 5.99362e+02 -3.18832e+01
 1.54430e+03 5.99362e+02 -3.18832e+01
 1.54430e+03 5.99362e+02 -3.18832e+01
 1.54430e+03 5.99362e+02 -3.18832e+01
 1.54430e+03 5.99362e+02 -3.18832e+01
 1.54430e+03 5.99362e+02 -3.18832e+01
 1.54430e+03 5.99362e+02 -3.18832e+01
 1.54432e+03 5.99362e+02 -3.08176e+01
 1.54438e+03 5.99362e+02 -2.86861e+01
 1.54443e+03 5.99361e+02 -2.65536e+01
 1.54448e+03 5.99361e+02 -2.44204e+01
 1.54453e+03 5.99359e+02 -2.22872e+01
 1.54457e+03 5.99355e+02 -2.01545e+01
 1.54461e+03 5.99351e+02 -1.80230e+01
 1.54465e+03 5.99345e+02 -1.58917e+01
 1.54469e+03 5.99339e+02 -1.37597e+01
 1.54472e+03 5.99331e+02 -1.16268e+01
 1.54476e+03 5.99323e+02 -9.49342e+00
 1.54479e+03 5.99312e+02 -7.36016e+00
 1.54481e+03 5.99301e+02 -5.22721e+00
 1.54484e+03 5.99290e+02 -3.09442e+00
 1.54486e+03 5.99278e+02 -9.61755e-01
 1.54488e+03 5.99266e+02 1.17096e+00
 1.54489e+03 5.99251e+02 3.30402e+00
 1.54491e+03 5.99235e+02 5.43754e+00
 1.54492e+03 5.99218e+02 7.57134e+00
 1.54493e+03 5.99201e+02 9.70490e+00
 1.54493e+03 5.99182e+02 1.18378e+01
 1.54494e+03 5.99162e+02 1.39703e+01
 1.54494e+03 5.99142e+02 1.61029e+01
 1.54494e+03 5.99131e+02 1.71694e+01
 1.54494e+03 5.99131e+02 1.71694e+01
 1.54494e+03 5.99131e+02 1.71694e+01
 1.54494e+03 5.99131e+02 1.71694e+01
 1.54494e+03 5.99131e+02 1.71694e+01
 1.54494e+03 5.99131e+02 1.71694e+01
 1.54494e+03 5.99131e+02 1.71694e+01
 1.54494e+03 5.99131e+02 1.71694e+01
 1.54494e+03 5.99131e+02 1.71694e+01
 1.54494e+03 5.99131e+02 1.71694e+01
 1.54494e+03 5.99131e+02 1.71694e+01


DT_QUAT 1.64553e-01
T0_QUAT -1.89236e+01
NUMBER_OF_QUATERNIONS  231
QUATERNIONS
 1.43734e-02 1.73633e-02 1.84012e-01 9.82666e-01
 1.43396e-02 1.72508e-02 1.84037e-01 9.82663e-01
 1.43059e-02 1.71384e-02 1.84061e-01 9.82661e-01
 1.42721e-02 1.70260e-02 1.84086e-01 9.82659e-01
 1.42384e-02 1.69135e-02 1.84111e-01 9.82657e-01
 1.42046e-02 1.68011e-02 1.84136e-01 9.82654e-01
 1.41709e-02 1.66887e-02 1.84160e-01 9.82652e-01
 1.41371e-02 1.65762e-02 1.84185e-01 9.82650e-01
 1.41034e-02 1.64638e-02 1.84210e-01 9.82647e-01
 1.40696e-02 1.63514e-02 1.84235e-01 9.82645e-01
 1.40358e-02 1.62390e-02 1.84259e-01 9.82643e-01
 1.40021e-02 1.61265e-02 1.84284e-01 9.82640e-01
 1.39624e-02 1.60106e-02 1.84314e-01 9.82637e-01
 1.39217e-02 1.58910e-02 1.84339e-01 9.82635e-01
 1.38876e-02 1.57708e-02 1.84350e-01 9.82635e-01
 1.38596e-02 1.56523e-02 1.84349e-01 9.82638e-01
 1.38269e-02 1.55363e-02 1.84361e-01 9.82638e-01
 1.37930e-02 1.54244e-02 1.84383e-01 9.82636e-01
 1.37655e-02 1.53194e-02 1.84406e-01 9.82634e-01
 1.37485e-02 1.52214e-02 1.84421e-01 9.82633e-01
 1.37368e-02 1.51252e-02 1.84421e-01 9.82634e-01
 1.37214e-02 1.50246e-02 1.84427e-01 9.82635e-01
 1.36952e-02 1.49194e-02 1.84445e-01 9.82634e-01
 1.36659e-02 1.48115e-02 1.84464e-01 9.82632e-01
 1.36410e-02 1.47042e-02 1.84475e-01 9.82632e-01
 1.36253e-02 1.46006e-02 1.84472e-01 9.82634e-01
 1.36166e-02 1.45012e-02 1.84465e-01 9.82637e-01
 1.36013e-02 1.44026e-02 1.84473e-01 9.82637e-01
 1.35825e-02 1.43060e-02 1.84487e-01 9.82636e-01
 1.35681e-02 1.42118e-02 1.84498e-01 9.82636e-01
 1.35623e-02 1.41210e-02 1.84499e-01 9.82637e-01
 1.35633e-02 1.40352e-02 1.84489e-01 9.82640e-01
 1.35634e-02 1.39513e-02 1.84490e-01 9.82641e-01
 1.35555e-02 1.38668e-02 1.84502e-01 9.82640e-01
 1.35454e-02 1.37779e-02 1.84511e-01 9.82640e-01
 1.35385e-02 1.36860e-02 1.84508e-01 9.82642e-01
 1.35368e-02 1.35936e-02 1.84493e-01 9.82646e-01
 1.35361e-02 1.35018e-02 1.84477e-01 9.82650e-01
 1.35296e-02 1.34120e-02 1.84479e-01 9.82651e-01
 1.35268e-02 1.33327e-02 1.84485e-01 9.82651e-01
 1.35338e-02 1.32607e-02 1.84485e-01 9.82652e-01
 1.35490e-02 1.31914e-02 1.84474e-01 9.82655e-01
 1.35653e-02 1.31201e-02 1.84458e-01 9.82659e-01
 1.35716e-02 1.30431e-02 1.84451e-01 9.82661e-01
 1.35656e-02 1.29600e-02 1.84453e-01 9.82662e-01
 1.35643e-02 1.28782e-02 1.84450e-01 9.82663e-01
 1.35721e-02 1.27992e-02 1.84436e-01 9.82667e-01
 1.35869e-02 1.27230e-02 1.84412e-01 9.82672e-01
 1.35999e-02 1.26492e-02 1.84392e-01 9.82677e-01
 1.36059e-02 1.25749e-02 1.84390e-01 9.82678e-01
 1.36117e-02 1.25034e-02 1.84389e-01 9.82679e-01
 1.36255e-02 1.24350e-02 1.84378e-01 9.82682e-01
 1.36467e-02 1.23695e-02 1.84359e-01 9.82686e-01
 1.36694e-02 1.23056e-02 1.84339e-01 9.82690e-01
 1.36843e-02 1.22406e-02 1.84332e-01 9.82692e-01
 1.36908e-02 1.21716e-02 1.84334e-01 9.82692e-01
 1.37005e-02 1.20990e-02 1.84325e-01 9.82695e-01
 1.37165e-02 1.20249e-02 1.84303e-01 9.82700e-01
 1.37344e-02 1.19500e-02 1.84277e-01 9.82705e-01
 1.37458e-02 1.18741e-02 1.84259e-01 9.82709e-01
 1.37508e-02 1.18005e-02 1.84258e-01 9.82710e-01
 1.37657e-02 1.17372e-02 1.84256e-01 9.82711e-01
 1.37903e-02 1.16775e-02 1.84244e-01 9.82714e-01
 1.38185e-02 1.16182e-02 1.84224e-01 9.82718e-01
 1.38416e-02 1.15551e-02 1.84207e-01 9.82721e-01
 1.38508e-02 1.14835e-02 1.84204e-01 9.82723e-01
 1.38535e-02 1.14051e-02 1.84205e-01 9.82723e-01
 1.38639e-02 1.13304e-02 1.84193e-01 9.82726e-01
 1.38825e-02 1.12572e-02 1.84171e-01 9.82731e-01
 1.39028e-02 1.11849e-02 1.84149e-01 9.82736e-01
 1.39172e-02 1.11136e-02 1.84138e-01 9.82738e-01
 1.39244e-02 1.10439e-02 1.84141e-01 9.82739e-01
 1.39418e-02 1.09797e-02 1.84139e-01 9.82739e-01
 1.39660e-02 1.09160e-02 1.84123e-01 9.82743e-01
 1.39917e-02 1.08523e-02 1.84106e-01 9.82746e-01
 1.40125e-02 1.07873e-02 1.84096e-01 9.82749e-01
 1.40231e-02 1.07194e-02 1.84098e-01 9.82749e-01
 1.40301e-02 1.06467e-02 1.84102e-01 9.82749e-01
 1.40459e-02 1.05714e-02 1.84087e-01 9.82752e-01
 1.40655e-02 1.04953e-02 1.84065e-01 9.82757e-01
 1.40815e-02 1.04185e-02 1.84049e-01 9.82760e-01
 1.40904e-02 1.03422e-02 1.84045e-01 9.82762e-01
 1.40958e-02 1.02705e-02 1.84051e-01 9.82761e-01
 1.41151e-02 1.02077e-02 1.84049e-01 9.82762e-01
 1.41437e-02 1.01461e-02 1.84035e-01 9.82765e-01
 1.41689e-02 1.00814e-02 1.84023e-01 9.82768e-01
 1.41834e-02 1.00115e-02 1.84019e-01 9.82769e-01
 1.41868e-02 9.93614e-03 1.84025e-01 9.82768e-01
 1.41901e-02 9.85670e-03 1.84028e-01 9.82769e-01
 1.42062e-02 9.77881e-03 1.84012e-01 9.82772e-01
 1.42256e-02 9.70239e-03 1.83994e-01 9.82776e-01
 1.42402e-02 9.62657e-03 1.83984e-01 9.82778e-01
 1.42489e-02 9.55261e-03 1.83986e-01 9.82779e-01
 1.42581e-02 9.48347e-03 1.83996e-01 9.82777e-01
 1.42778e-02 9.41747e-03 1.83992e-01 9.82778e-01
 1.43043e-02 9.35021e-03 1.83980e-01 9.82781e-01
 1.43261e-02 9.28165e-03 1.83973e-01 9.82782e-01
 1.43385e-02 9.21073e-03 1.83977e-01 9.82782e-01
 1.43439e-02 9.13692e-03 1.83988e-01 9.82781e-01
 1.43548e-02 9.06132e-03 1.83992e-01 9.82781e-01
 1.43762e-02 8.98451e-03 1.83976e-01 9.82784e-01
 1.43952e-02 8.90604e-03 1.83964e-01 9.82787e-01
 1.44054e-02 8.82640e-03 1.83962e-01 9.82788e-01
 1.44105e-02 8.74841e-03 1.83969e-01 9.82787e-01
 1.44203e-02 8.67574e-03 1.83979e-01 9.82785e-01
 1.44445e-02 8.61071e-03 1.83975e-01 9.82786e-01
 1.44730e-02 8.54562e-03 1.83964e-01 9.82789e-01
 1.44934e-02 8.47817e-03 1.83964e-01 9.82789e-01
 1.45025e-02 8.40539e-03 1.83973e-01 9.82788e-01
 1.45051e-02 8.32708e-03 1.83983e-01 9.82787e-01
 1.45135e-02 8.24651e-03 1.83982e-01 9.82787e-01
 1.45333e-02 8.16660e-03 1.83965e-01 9.82791e-01
 1.45499e-02 8.08591e-03 1.83953e-01 9.82793e-01
 1.45584e-02 8.00759e-03 1.83955e-01 9.82794e-01
 1.45656e-02 7.93488e-03 1.83965e-01 9.82792e-01
 1.45804e-02 7.86840e-03 1.83972e-01 9.82791e-01
 1.46067e-02 7.80270e-03 1.83964e-01 9.82793e-01
 1.46306e-02 7.73452e-03 1.83953e-01 9.82795e-01
 1.46440e-02 7.66144e-03 1.83954e-01 9.82795e-01
 1.46491e-02 7.58561e-03 1.83963e-01 9.82794e-01
 1.46538e-02 7.50812e-03 1.83969e-01 9.82793e-01
 1.46676e-02 7.42951e-03 1.83963e-01 9.82795e-01
 1.46901e-02 7.35278e-03 1.83945e-01 9.82799e-01
 1.47042e-02 7.27389e-03 1.83938e-01 9.82800e-01
 1.47090e-02 7.19494e-03 1.83942e-01 9.82800e-01
 1.47149e-02 7.12076e-03 1.83950e-01 9.82799e-01
 1.47305e-02 7.05271e-03 1.83951e-01 9.82799e-01
 1.47577e-02 6.98691e-03 1.83940e-01 9.82801e-01
 1.47822e-02 6.92012e-03 1.83932e-01 9.82803e-01
 1.47919e-02 6.84848e-03 1.83937e-01 9.82802e-01
 1.47962e-02 6.77356e-03 1.83946e-01 9.82801e-01
 1.48036e-02 6.69634e-03 1.83948e-01 9.82801e-01
 1.48192e-02 6.61778e-03 1.83937e-01 9.82803e-01
 1.48410e-02 6.53908e-03 1.83919e-01 9.82807e-01
 1.48517e-02 6.45936e-03 1.83915e-01 9.82808e-01
 1.48557e-02 6.38171e-03 1.83922e-01 9.82807e-01
 1.48647e-02 6.31040e-03 1.83928e-01 9.82807e-01
 1.48843e-02 6.24401e-03 1.83925e-01 9.82807e-01
 1.49125e-02 6.17725e-03 1.83913e-01 9.82809e-01
 1.49340e-02 6.10873e-03 1.83907e-01 9.82811e-01
 1.49409e-02 6.03561e-03 1.83914e-01 9.82810e-01
 1.49463e-02 5.96064e-03 1.83922e-01 9.82809e-01
 1.49588e-02 5.88499e-03 1.83920e-01 9.82809e-01
 1.49799e-02 5.80888e-03 1.83907e-01 9.82812e-01
 1.50013e-02 5.73161e-03 1.83891e-01 9.82815e-01
 1.50089e-02 5.65031e-03 1.83890e-01 9.82815e-01
 1.50121e-02 5.57152e-03 1.83896e-01 9.82815e-01
 1.50244e-02 5.49942e-03 1.83897e-01 9.82815e-01
 1.50485e-02 5.43246e-03 1.83889e-01 9.82816e-01
 1.50785e-02 5.36659e-03 1.83876e-01 9.82819e-01
 1.50985e-02 5.29843e-03 1.83872e-01 9.82819e-01
 1.51027e-02 5.22474e-03 1.83880e-01 9.82818e-01
 1.51091e-02 5.14751e-03 1.83884e-01 9.82818e-01
 1.51240e-02 5.06860e-03 1.83875e-01 9.82820e-01
 1.51455e-02 4.98891e-03 1.83858e-01 9.82823e-01
 1.51648e-02 4.90837e-03 1.83844e-01 9.82826e-01
 1.51699e-02 4.82704e-03 1.83844e-01 9.82826e-01
 1.51770e-02 4.75223e-03 1.83852e-01 9.82825e-01
 1.51943e-02 4.68236e-03 1.83851e-01 9.82825e-01
 1.52197e-02 4.61394e-03 1.83842e-01 9.82826e-01
 1.52457e-02 4.54402e-03 1.83833e-01 9.82828e-01
 1.52603e-02 4.47180e-03 1.83834e-01 9.82828e-01
 1.52631e-02 4.39540e-03 1.83846e-01 9.82826e-01
 1.52728e-02 4.31883e-03 1.83850e-01 9.82826e-01
 1.52920e-02 4.24185e-03 1.83842e-01 9.82827e-01
 1.53145e-02 4.16362e-03 1.83829e-01 9.82829e-01
 1.53304e-02 4.08316e-03 1.83822e-01 9.82831e-01
 1.53316e-02 3.99994e-03 1.83829e-01 9.82830e-01
 1.53376e-02 3.92200e-03 1.83838e-01 9.82828e-01
 1.53569e-02 3.85098e-03 1.83837e-01 9.82829e-01
 1.53838e-02 3.78321e-03 1.83830e-01 9.82830e-01
 1.54084e-02 3.71521e-03 1.83827e-01 9.82830e-01
 1.54205e-02 3.64473e-03 1.83835e-01 9.82829e-01
 1.54214e-02 3.56852e-03 1.83849e-01 9.82826e-01
 1.54322e-02 3.48857e-03 1.83851e-01 9.82826e-01
 1.54516e-02 3.40841e-03 1.83842e-01 9.82828e-01
 1.54714e-02 3.32755e-03 1.83831e-01 9.82830e-01
 1.54836e-02 3.24587e-03 1.83829e-01 9.82830e-01
 1.54851e-02 3.16602e-03 1.83839e-01 9.82829e-01
 1.54951e-02 3.09392e-03 1.83849e-01 9.82827e-01
 1.55182e-02 3.02525e-03 1.83847e-01 9.82827e-01
 1.55443e-02 2.95631e-03 1.83841e-01 9.82828e-01
 1.55631e-02 2.88443e-03 1.83840e-01 9.82828e-01
 1.55689e-02 2.80865e-03 1.83851e-01 9.82826e-01
 1.55710e-02 2.73198e-03 1.83863e-01 9.82824e-01
 1.55873e-02 2.65490e-03 1.83862e-01 9.82824e-01
 1.56098e-02 2.57800e-03 1.83852e-01 9.82826e-01
 1.56283e-02 2.49811e-03 1.83845e-01 9.82827e-01
 1.56362e-02 2.41576e-03 1.83847e-01 9.82827e-01
 1.56358e-02 2.33603e-03 1.83858e-01 9.82825e-01
 1.56480e-02 2.26297e-03 1.83864e-01 9.82824e-01
 1.56740e-02 2.19444e-03 1.83859e-01 9.82825e-01
 1.56995e-02 2.12657e-03 1.83855e-01 9.82825e-01
 1.57150e-02 2.05554e-03 1.83858e-01 9.82824e-01
 1.57187e-02 1.97970e-03 1.83871e-01 9.82822e-01
 1.57220e-02 1.90253e-03 1.83882e-01 9.82820e-01
 1.57423e-02 1.82631e-03 1.83877e-01 9.82821e-01
 1.57657e-02 1.74870e-03 1.83866e-01 9.82823e-01
 1.57813e-02 1.66927e-03 1.83862e-01 9.82823e-01
 1.57864e-02 1.58798e-03 1.83867e-01 9.82822e-01
 1.57870e-02 1.50611e-03 1.83877e-01 9.82821e-01
 1.58017e-02 1.43123e-03 1.83879e-01 9.82820e-01
 1.58291e-02 1.36149e-03 1.83871e-01 9.82821e-01
 1.58512e-02 1.29170e-03 1.83869e-01 9.82822e-01
 1.58632e-02 1.22019e-03 1.83876e-01 9.82820e-01
 1.58680e-02 1.14655e-03 1.83888e-01 9.82818e-01
 1.58762e-02 1.07144e-03 1.83895e-01 9.82816e-01
 1.58994e-02 9.97186e-04 1.83886e-01 9.82818e-01
 1.59221e-02 9.19390e-04 1.83878e-01 9.82819e-01
 1.59342e-02 8.38526e-04 1.83877e-01 9.82819e-01
 1.59376e-02 7.56274e-04 1.83883e-01 9.82818e-01
 1.59411e-02 6.75582e-04 1.83889e-01 9.82817e-01
 1.59590e-02 6.01794e-04 1.83888e-01 9.82817e-01
 1.59881e-02 5.34803e-04 1.83882e-01 9.82818e-01
 1.60080e-02 4.66328e-04 1.83883e-01 9.82817e-01
 1.60168e-02 3.94550e-04 1.83892e-01 9.82815e-01
 1.60213e-02 3.19733e-04 1.83902e-01 9.82813e-01
 1.60322e-02 2.43257e-04 1.83904e-01 9.82813e-01
 1.60573e-02 1.65265e-04 1.83893e-01 9.82814e-01
 1.60773e-02 8.66788e-05 1.83883e-01 9.82816e-01
 1.60864e-02 5.21656e-06 1.83883e-01 9.82816e-01
 1.60956e-02 -7.62457e-05 1.83882e-01 9.82816e-01
 1.61047e-02 -1.57707e-04 1.83881e-01 9.82816e-01
 1.61139e-02 -2.39170e-04 1.83881e-01 9.82816e-01
 1.61231e-02 -3.20632e-04 1.83880e-01 9.82816e-01
 1.61322e-02 -4.02094e-04 1.83880e-01 9.82816e-01
 1.61414e-02 -4.83557e-04 1.83879e-01 9.82816e-01
 1.61505e-02 -5.65019e-04 1.83879e-01 9.82816e-01
 1.61597e-02 -6.46481e-04 1.83878e-01 9.82816e-01
 1.61688e-02 -7.27943e-04 1.83877e-01 9.82816e-01
 1.61780e-02 -8.09406e-04 1.83877e-01 9.82816e-01


SCAN_DURATION 3.47208e+01
INT_TIME 6.64844e-04

ALONG_SCAN_PIXEL_SIZE  1.54211e-02
CROSS_SCAN_PIXEL_SIZE  1.40000e-02

CENTER_GP -1.56032e+00 -3.00333e+00 0.00000e+00
SENSOR_POSITION -1.56011e+00 -3.07593e+00 4.88615e+04
MOUNTING_ANGLES 0.00000e+00 0.00000e+00 0.00000e+00

TOTAL_LINES 52224
TOTAL_SAMPLES 2532




IKCODE  -85600
ISIS_Z_DIRECTION  1.00000e+00
OPTICAL_DIST_COEF 1.80999e-05 0.00000e+00 0.00000e+00
ITRANSS 0.00000e+00 0.00000e+00 1.42856e+02
ITRANSL 0.00000e+00 1.42856e+02 0.00000e+00
DETECTOR_SAMPLE_ORIGIN 2.54800e+03
DETECTOR_LINE_ORIGIN 0.00000e+00
DETECTOR_LINE_OFFSET  0.00000e+00
DETECTOR_SAMPLE_SUMMING  2.00000e+00
STARTING_SAMPLE 1.50000e+00
STARTING_LINE 1.00000e+00
STARTING_EPHEMERIS_TIME 3.39577e+08
CENTER_EPHEMERIS_TIME 3.39577e+08
