RECTIFICATION_TERMS
        3.81600e+03 0.00000e+00 1.00000e+00
        2.58800e+03 1.00000e+00 0.00000e+00
GROUND_ZERO -7.94589e-02 2.39466e+00 0.00000e+00
LOAD_PT -7.94589e-02 2.39466e+00 0.00000e+00
COORD_SYSTEM 1
IMAGE_MOTION 0
SENSOR_TYPE USGSAstroLineScannerKLEv
SENSOR_MODE UNKNOWN
FOCAL 1.74800e+02
ATMCO 0.00000e+00 0.00000e+00 0.00000e+00 0.00000e+00
IOCOEF_LINE 3.81600e+03 1.42857e+02 0.00000e+00 0.00000e+00 0.00000e+00 0.00000e+00 0.00000e+00 0.00000e+00 0.00000e+00 0.00000e+00
IOCOEF_SAMPLE 2.58800e+03 0.00000e+00 1.42857e+02 0.00000e+00 0.00000e+00 0.00000e+00 0.00000e+00 0.00000e+00 0.00000e+00 0.00000e+00
ABERR    0
ATMREF   0
PLATFORM   1
SOURCE_FLAG  1
SINGLE_EPHEMERIDE  0
TRI_PARAMETERS
0.00000e+00 0.00000e+00 0.00000e+00 0.00000e+00 0.00000e+00 0.00000e+00 0.00000e+00 0.00000e+00 0.00000e+00 0.00000e+00 0.00000e+00 0.00000e+00 0.00000e+00 0.00000e+00 0.00000e+00 1.74800e+02 0.00000e+00 0.00000e+00
T_CENTER  -3.57778e+01
DT_EPHEM  1.42758e-01
T0_EPHEM  -5.21951e+01
NUMBER_OF_EPHEM   231
EPHEM_PTS
 -2.72727e+06 2.55493e+06 -5.14151e+05
 -2.72738e+06 2.55504e+06 -5.13572e+05
 -2.72750e+06 2.55515e+06 -5.12992e+05
 -2.72761e+06 2.55525e+06 -5.12412e+05
 -2.72772e+06 2.55536e+06 -5.11833e+05
 -2.72783e+06 2.55547e+06 -5.11253e+05
 -2.72794e+06 2.55558e+06 -5.10673e+05
 -2.72806e+06 2.55569e+06 -5.10094e+05
 -2.72817e+06 2.55580e+06 -5.09514e+05
 -2.72828e+06 2.55591e+06 -5.08934e+05
 -2.72839e+06 2.55602e+06 -5.08355e+05
 -2.72850e+06 2.55612e+06 -5.07775e+05
 -2.72861e+06 2.55623e+06 -5.07195e+05
 -2.72873e+06 2.55634e+06 -5.06616e+05
 -2.72884e+06 2.55645e+06 -5.06036e+05
 -2.72895e+06 2.55656e+06 -5.05456e+05
 -2.72906e+06 2.55667e+06 -5.04876e+05
 -2.72917e+06 2.55678e+06 -5.04297e+05
 -2.72928e+06 2.55688e+06 -5.03717e+05
 -2.72939e+06 2.55699e+06 -5.03137e+05
 -2.72950e+06 2.55710e+06 -5.02557e+05
 -2.72962e+06 2.55721e+06 -5.01978e+05
 -2.72973e+06 2.55732e+06 -5.01398e+05
 -2.72984e+06 2.55743e+06 -5.00818e+05
 -2.72995e+06 2.55753e+06 -5.00238e+05
 -2.73006e+06 2.55764e+06 -4.99658e+05
 -2.73017e+06 2.55775e+06 -4.99079e+05
 -2.73028e+06 2.55786e+06 -4.98499e+05
 -2.73039e+06 2.55797e+06 -4.97919e+05
 -2.73050e+06 2.55807e+06 -4.97339e+05
 -2.73061e+06 2.55818e+06 -4.96759e+05
 -2.73072e+06 2.55829e+06 -4.96179e+05
 -2.73083e+06 2.55840e+06 -4.95599e+05
 -2.73094e+06 2.55851e+06 -4.95019e+05
 -2.73106e+06 2.55861e+06 -4.94440e+05
 -2.73117e+06 2.55872e+06 -4.93860e+05
 -2.73128e+06 2.55883e+06 -4.93280e+05
 -2.73139e+06 2.55894e+06 -4.92700e+05
 -2.73150e+06 2.55904e+06 -4.92120e+05
 -2.73161e+06 2.55915e+06 -4.91540e+05
 -2.73172e+06 2.55926e+06 -4.90960e+05
 -2.73183e+06 2.55937e+06 -4.90380e+05
 -2.73194e+06 2.55947e+06 -4.89800e+05
 -2.73205e+06 2.55958e+06 -4.89220e+05
 -2.73216e+06 2.55969e+06 -4.88640e+05
 -2.73227e+06 2.55980e+06 -4.88060e+05
 -2.73238e+06 2.55990e+06 -4.87480e+05
 -2.73249e+06 2.56001e+06 -4.86900e+05
 -2.73260e+06 2.56012e+06 -4.86320e+05
 -2.73271e+06 2.56022e+06 -4.85740e+05
 -2.73282e+06 2.56033e+06 -4.85160e+05
 -2.73293e+06 2.56044e+06 -4.84580e+05
 -2.73304e+06 2.56055e+06 -4.84000e+05
 -2.73315e+06 2.56065e+06 -4.83420e+05
 -2.73326e+06 2.56076e+06 -4.82840e+05
 -2.73337e+06 2.56087e+06 -4.82260e+05
 -2.73347e+06 2.56097e+06 -4.81680e+05
 -2.73358e+06 2.56108e+06 -4.81100e+05
 -2.73369e+06 2.56119e+06 -4.80520e+05
 -2.73380e+06 2.56129e+06 -4.79940e+05
 -2.73391e+06 2.56140e+06 -4.79360e+05
 -2.73402e+06 2.56151e+06 -4.78779e+05
 -2.73413e+06 2.56161e+06 -4.78199e+05
 -2.73424e+06 2.56172e+06 -4.77619e+05
 -2.73435e+06 2.56183e+06 -4.77039e+05
 -2.73446e+06 2.56193e+06 -4.76459e+05
 -2.73457e+06 2.56204e+06 -4.75879e+05
 -2.73468e+06 2.56215e+06 -4.75299e+05
 -2.73478e+06 2.56225e+06 -4.74719e+05
 -2.73489e+06 2.56236e+06 -4.74138e+05
 -2.73500e+06 2.56247e+06 -4.73558e+05
 -2.73511e+06 2.56257e+06 -4.72978e+05
 -2.73522e+06 2.56268e+06 -4.72398e+05
 -2.73533e+06 2.56279e+06 -4.71818e+05
 -2.73544e+06 2.56289e+06 -4.71237e+05
 -2.73555e+06 2.56300e+06 -4.70657e+05
 -2.73565e+06 2.56310e+06 -4.70077e+05
 -2.73576e+06 2.56321e+06 -4.69497e+05
 -2.73587e+06 2.56332e+06 -4.68916e+05
 -2.73598e+06 2.56342e+06 -4.68336e+05
 -2.73609e+06 2.56353e+06 -4.67756e+05
 -2.73620e+06 2.56363e+06 -4.67176e+05
 -2.73630e+06 2.56374e+06 -4.66595e+05
 -2.73641e+06 2.56385e+06 -4.66015e+05
 -2.73652e+06 2.56395e+06 -4.65435e+05
 -2.73663e+06 2.56406e+06 -4.64855e+05
 -2.73674e+06 2.56416e+06 -4.64274e+05
 -2.73685e+06 2.56427e+06 -4.63694e+05
 -2.73695e+06 2.56437e+06 -4.63114e+05
 -2.73706e+06 2.56448e+06 -4.62533e+05
 -2.73717e+06 2.56459e+06 -4.61953e+05
 -2.73728e+06 2.56469e+06 -4.61373e+05
 -2.73738e+06 2.56480e+06 -4.60792e+05
 -2.73749e+06 2.56490e+06 -4.60212e+05
 -2.73760e+06 2.56501e+06 -4.59632e+05
 -2.73771e+06 2.56511e+06 -4.59051e+05
 -2.73782e+06 2.56522e+06 -4.58471e+05
 -2.73792e+06 2.56532e+06 -4.57890e+05
 -2.73803e+06 2.56543e+06 -4.57310e+05
 -2.73814e+06 2.56553e+06 -4.56730e+05
 -2.73825e+06 2.56564e+06 -4.56149e+05
 -2.73835e+06 2.56574e+06 -4.55569e+05
 -2.73846e+06 2.56585e+06 -4.54988e+05
 -2.73857e+06 2.56595e+06 -4.54408e+05
 -2.73868e+06 2.56606e+06 -4.53828e+05
 -2.73878e+06 2.56616e+06 -4.53247e+05
 -2.73889e+06 2.56627e+06 -4.52667e+05
 -2.73900e+06 2.56637e+06 -4.52086e+05
 -2.73910e+06 2.56648e+06 -4.51506e+05
 -2.73921e+06 2.56658e+06 -4.50925e+05
 -2.73932e+06 2.56669e+06 -4.50345e+05
 -2.73942e+06 2.56679e+06 -4.49764e+05
 -2.73953e+06 2.56690e+06 -4.49184e+05
 -2.73964e+06 2.56700e+06 -4.48603e+05
 -2.73975e+06 2.56711e+06 -4.48023e+05
 -2.73985e+06 2.56721e+06 -4.47442e+05
 -2.73996e+06 2.56732e+06 -4.46862e+05
 -2.74007e+06 2.56742e+06 -4.46281e+05
 -2.74017e+06 2.56753e+06 -4.45701e+05
 -2.74028e+06 2.56763e+06 -4.45120e+05
 -2.74038e+06 2.56773e+06 -4.44540e+05
 -2.74049e+06 2.56784e+06 -4.43959e+05
 -2.74060e+06 2.56794e+06 -4.43379e+05
 -2.74070e+06 2.56805e+06 -4.42798e+05
 -2.74081e+06 2.56815e+06 -4.42217e+05
 -2.74092e+06 2.56826e+06 -4.41637e+05
 -2.74102e+06 2.56836e+06 -4.41056e+05
 -2.74113e+06 2.56846e+06 -4.40476e+05
 -2.74124e+06 2.56857e+06 -4.39895e+05
 -2.74134e+06 2.56867e+06 -4.39314e+05
 -2.74145e+06 2.56878e+06 -4.38734e+05
 -2.74155e+06 2.56888e+06 -4.38153e+05
 -2.74166e+06 2.56898e+06 -4.37573e+05
 -2.74177e+06 2.56909e+06 -4.36992e+05
 -2.74187e+06 2.56919e+06 -4.36411e+05
 -2.74198e+06 2.56930e+06 -4.35831e+05
 -2.74208e+06 2.56940e+06 -4.35250e+05
 -2.74219e+06 2.56950e+06 -4.34669e+05
 -2.74229e+06 2.56961e+06 -4.34089e+05
 -2.74240e+06 2.56971e+06 -4.33508e+05
 -2.74251e+06 2.56981e+06 -4.32927e+05
 -2.74261e+06 2.56992e+06 -4.32346e+05
 -2.74272e+06 2.57002e+06 -4.31766e+05
 -2.74282e+06 2.57012e+06 -4.31185e+05
 -2.74293e+06 2.57023e+06 -4.30604e+05
 -2.74303e+06 2.57033e+06 -4.30024e+05
 -2.74314e+06 2.57043e+06 -4.29443e+05
 -2.74324e+06 2.57054e+06 -4.28862e+05
 -2.74335e+06 2.57064e+06 -4.28281e+05
 -2.74345e+06 2.57074e+06 -4.27701e+05
 -2.74356e+06 2.57085e+06 -4.27120e+05
 -2.74366e+06 2.57095e+06 -4.26539e+05
 -2.74377e+06 2.57105e+06 -4.25958e+05
 -2.74387e+06 2.57116e+06 -4.25378e+05
 -2.74398e+06 2.57126e+06 -4.24797e+05
 -2.74408e+06 2.57136e+06 -4.24216e+05
 -2.74419e+06 2.57147e+06 -4.23635e+05
 -2.74429e+06 2.57157e+06 -4.23054e+05
 -2.74440e+06 2.57167e+06 -4.22473e+05
 -2.74450e+06 2.57177e+06 -4.21893e+05
 -2.74461e+06 2.57188e+06 -4.21312e+05
 -2.74471e+06 2.57198e+06 -4.20731e+05
 -2.74482e+06 2.57208e+06 -4.20150e+05
 -2.74492e+06 2.57219e+06 -4.19569e+05
 -2.74503e+06 2.57229e+06 -4.18988e+05
 -2.74513e+06 2.57239e+06 -4.18408e+05
 -2.74523e+06 2.57249e+06 -4.17827e+05
 -2.74534e+06 2.57260e+06 -4.17246e+05
 -2.74544e+06 2.57270e+06 -4.16665e+05
 -2.74555e+06 2.57280e+06 -4.16084e+05
 -2.74565e+06 2.57290e+06 -4.15503e+05
 -2.74576e+06 2.57301e+06 -4.14922e+05
 -2.74586e+06 2.57311e+06 -4.14341e+05
 -2.74596e+06 2.57321e+06 -4.13760e+05
 -2.74607e+06 2.57331e+06 -4.13179e+05
 -2.74617e+06 2.57342e+06 -4.12599e+05
 -2.74628e+06 2.57352e+06 -4.12018e+05
 -2.74638e+06 2.57362e+06 -4.11437e+05
 -2.74648e+06 2.57372e+06 -4.10856e+05
 -2.74659e+06 2.57382e+06 -4.10275e+05
 -2.74669e+06 2.57393e+06 -4.09694e+05
 -2.74680e+06 2.57403e+06 -4.09113e+05
 -2.74690e+06 2.57413e+06 -4.08532e+05
 -2.74700e+06 2.57423e+06 -4.07951e+05
 -2.74711e+06 2.57433e+06 -4.07370e+05
 -2.74721e+06 2.57444e+06 -4.06789e+05
 -2.74731e+06 2.57454e+06 -4.06208e+05
 -2.74742e+06 2.57464e+06 -4.05627e+05
 -2.74752e+06 2.57474e+06 -4.05046e+05
 -2.74762e+06 2.57484e+06 -4.04465e+05
 -2.74773e+06 2.57494e+06 -4.03884e+05
 -2.74783e+06 2.57505e+06 -4.03303e+05
 -2.74793e+06 2.57515e+06 -4.02722e+05
 -2.74804e+06 2.57525e+06 -4.02141e+05
 -2.74814e+06 2.57535e+06 -4.01560e+05
 -2.74824e+06 2.57545e+06 -4.00978e+05
 -2.74835e+06 2.57555e+06 -4.00397e+05
 -2.74845e+06 2.57566e+06 -3.99816e+05
 -2.74855e+06 2.57576e+06 -3.99235e+05
 -2.74865e+06 2.57586e+06 -3.98654e+05
 -2.74876e+06 2.57596e+06 -3.98073e+05
 -2.74886e+06 2.57606e+06 -3.97492e+05
 -2.74896e+06 2.57616e+06 -3.96911e+05
 -2.74907e+06 2.57626e+06 -3.96330e+05
 -2.74917e+06 2.57636e+06 -3.95749e+05
 -2.74927e+06 2.57646e+06 -3.95167e+05
 -2.74937e+06 2.57657e+06 -3.94586e+05
 -2.74948e+06 2.57667e+06 -3.94005e+05
 -2.74958e+06 2.57677e+06 -3.93424e+05
 -2.74968e+06 2.57687e+06 -3.92843e+05
 -2.74978e+06 2.57697e+06 -3.92262e+05
 -2.74989e+06 2.57707e+06 -3.91681e+05
 -2.74999e+06 2.57717e+06 -3.91099e+05
 -2.75009e+06 2.57727e+06 -3.90518e+05
 -2.75019e+06 2.57737e+06 -3.89937e+05
 -2.75029e+06 2.57747e+06 -3.89356e+05
 -2.75040e+06 2.57757e+06 -3.88775e+05
 -2.75050e+06 2.57767e+06 -3.88193e+05
 -2.75060e+06 2.57778e+06 -3.87612e+05
 -2.75070e+06 2.57788e+06 -3.87031e+05
 -2.75080e+06 2.57798e+06 -3.86450e+05
 -2.75091e+06 2.57808e+06 -3.85869e+05
 -2.75101e+06 2.57818e+06 -3.85287e+05
 -2.75111e+06 2.57828e+06 -3.84706e+05
 -2.75121e+06 2.57838e+06 -3.84125e+05
 -2.75131e+06 2.57848e+06 -3.83544e+05
 -2.75141e+06 2.57858e+06 -3.82962e+05
 -2.75152e+06 2.57868e+06 -3.82381e+05
 -2.75162e+06 2.57878e+06 -3.81800e+05
 -2.75172e+06 2.57888e+06 -3.81218e+05
 -2.75182e+06 2.57898e+06 -3.80637e+05


EPHEM_RATES
 -7.84879e+02 7.64007e+02 4.06010e+03
 -7.84554e+02 7.63733e+02 4.06016e+03
 -7.84229e+02 7.63459e+02 4.06022e+03
 -7.83904e+02 7.63185e+02 4.06028e+03
 -7.83579e+02 7.62912e+02 4.06034e+03
 -7.83254e+02 7.62638e+02 4.06040e+03
 -7.82930e+02 7.62364e+02 4.06046e+03
 -7.82605e+02 7.62090e+02 4.06051e+03
 -7.82280e+02 7.61816e+02 4.06057e+03
 -7.81955e+02 7.61542e+02 4.06063e+03
 -7.81630e+02 7.61268e+02 4.06069e+03
 -7.81305e+02 7.60994e+02 4.06075e+03
 -7.80981e+02 7.60720e+02 4.06081e+03
 -7.80656e+02 7.60446e+02 4.06086e+03
 -7.80331e+02 7.60172e+02 4.06092e+03
 -7.80006e+02 7.59899e+02 4.06098e+03
 -7.79682e+02 7.59625e+02 4.06104e+03
 -7.79357e+02 7.59351e+02 4.06110e+03
 -7.79032e+02 7.59077e+02 4.06115e+03
 -7.78708e+02 7.58803e+02 4.06121e+03
 -7.78383e+02 7.58529e+02 4.06127e+03
 -7.78058e+02 7.58255e+02 4.06133e+03
 -7.77733e+02 7.57981e+02 4.06138e+03
 -7.77409e+02 7.57707e+02 4.06144e+03
 -7.77084e+02 7.57433e+02 4.06150e+03
 -7.76760e+02 7.57159e+02 4.06156e+03
 -7.76435e+02 7.56885e+02 4.06161e+03
 -7.76110e+02 7.56611e+02 4.06167e+03
 -7.75786e+02 7.56337e+02 4.06173e+03
 -7.75461e+02 7.56064e+02 4.06178e+03
 -7.75137e+02 7.55790e+02 4.06184e+03
 -7.74812e+02 7.55516e+02 4.06190e+03
 -7.74487e+02 7.55242e+02 4.06195e+03
 -7.74163e+02 7.54968e+02 4.06201e+03
 -7.73838e+02 7.54694e+02 4.06207e+03
 -7.73514e+02 7.54420e+02 4.06212e+03
 -7.73189e+02 7.54146e+02 4.06218e+03
 -7.72865e+02 7.53872e+02 4.06224e+03
 -7.72540e+02 7.53598e+02 4.06229e+03
 -7.72216e+02 7.53324e+02 4.06235e+03
 -7.71891e+02 7.53050e+02 4.06241e+03
 -7.71567e+02 7.52776e+02 4.06246e+03
 -7.71242e+02 7.52502e+02 4.06252e+03
 -7.70918e+02 7.52228e+02 4.06257e+03
 -7.70594e+02 7.51954e+02 4.06263e+03
 -7.70269e+02 7.51680e+02 4.06269e+03
 -7.69945e+02 7.51406e+02 4.06274e+03
 -7.69620e+02 7.51132e+02 4.06280e+03
 -7.69296e+02 7.50858e+02 4.06285e+03
 -7.68972e+02 7.50585e+02 4.06291e+03
 -7.68647e+02 7.50311e+02 4.06296e+03
 -7.68323e+02 7.50037e+02 4.06302e+03
 -7.67999e+02 7.49763e+02 4.06307e+03
 -7.67674e+02 7.49489e+02 4.06313e+03
 -7.67350e+02 7.49215e+02 4.06318e+03
 -7.67026e+02 7.48941e+02 4.06324e+03
 -7.66701e+02 7.48667e+02 4.06329e+03
 -7.66377e+02 7.48393e+02 4.06335e+03
 -7.66053e+02 7.48119e+02 4.06340e+03
 -7.65729e+02 7.47845e+02 4.06346e+03
 -7.65405e+02 7.47571e+02 4.06351e+03
 -7.65080e+02 7.47297e+02 4.06357e+03
 -7.64756e+02 7.47023e+02 4.06362e+03
 -7.64432e+02 7.46749e+02 4.06368e+03
 -7.64108e+02 7.46475e+02 4.06373e+03
 -7.63784e+02 7.46201e+02 4.06379e+03
 -7.63459e+02 7.45927e+02 4.06384e+03
 -7.63135e+02 7.45653e+02 4.06390e+03
 -7.62811e+02 7.45379e+02 4.06395e+03
 -7.62487e+02 7.45105e+02 4.06400e+03
 -7.62163e+02 7.44831e+02 4.06406e+03
 -7.61839e+02 7.44557e+02 4.06411e+03
 -7.61515e+02 7.44283e+02 4.06417e+03
 -7.61191e+02 7.44009e+02 4.06422e+03
 -7.60867e+02 7.43735e+02 4.06427e+03
 -7.60543e+02 7.43461e+02 4.06433e+03
 -7.60219e+02 7.43187e+02 4.06438e+03
 -7.59895e+02 7.42913e+02 4.06444e+03
 -7.59571e+02 7.42639e+02 4.06449e+03
 -7.59247e+02 7.42365e+02 4.06454e+03
 -7.58923e+02 7.42092e+02 4.06460e+03
 -7.58599e+02 7.41818e+02 4.06465e+03
 -7.58275e+02 7.41544e+02 4.06470e+03
 -7.57951e+02 7.41270e+02 4.06476e+03
 -7.57627e+02 7.40996e+02 4.06481e+03
 -7.57303e+02 7.40722e+02 4.06486e+03
 -7.56979e+02 7.40448e+02 4.06491e+03
 -7.56655e+02 7.40174e+02 4.06497e+03
 -7.56332e+02 7.39900e+02 4.06502e+03
 -7.56008e+02 7.39626e+02 4.06507e+03
 -7.55684e+02 7.39352e+02 4.06513e+03
 -7.55360e+02 7.39078e+02 4.06518e+03
 -7.55036e+02 7.38804e+02 4.06523e+03
 -7.54712e+02 7.38530e+02 4.06528e+03
 -7.54389e+02 7.38256e+02 4.06534e+03
 -7.54065e+02 7.37982e+02 4.06539e+03
 -7.53741e+02 7.37708e+02 4.06544e+03
 -7.53417e+02 7.37434e+02 4.06549e+03
 -7.53094e+02 7.37160e+02 4.06554e+03
 -7.52770e+02 7.36886e+02 4.06560e+03
 -7.52446e+02 7.36612e+02 4.06565e+03
 -7.52123e+02 7.36338e+02 4.06570e+03
 -7.51799e+02 7.36064e+02 4.06575e+03
 -7.51475e+02 7.35790e+02 4.06580e+03
 -7.51152e+02 7.35516e+02 4.06586e+03
 -7.50828e+02 7.35242e+02 4.06591e+03
 -7.50504e+02 7.34968e+02 4.06596e+03
 -7.50181e+02 7.34694e+02 4.06601e+03
 -7.49857e+02 7.34420e+02 4.06606e+03
 -7.49533e+02 7.34146e+02 4.06611e+03
 -7.49210e+02 7.33872e+02 4.06616e+03
 -7.48886e+02 7.33598e+02 4.06622e+03
 -7.48563e+02 7.33324e+02 4.06627e+03
 -7.48239e+02 7.33050e+02 4.06632e+03
 -7.47916e+02 7.32776e+02 4.06637e+03
 -7.47592e+02 7.32502e+02 4.06642e+03
 -7.47269e+02 7.32228e+02 4.06647e+03
 -7.46945e+02 7.31954e+02 4.06652e+03
 -7.46622e+02 7.31680e+02 4.06657e+03
 -7.46298e+02 7.31406e+02 4.06662e+03
 -7.45975e+02 7.31132e+02 4.06667e+03
 -7.45651e+02 7.30858e+02 4.06672e+03
 -7.45328e+02 7.30584e+02 4.06678e+03
 -7.45005e+02 7.30310e+02 4.06683e+03
 -7.44681e+02 7.30036e+02 4.06688e+03
 -7.44358e+02 7.29762e+02 4.06693e+03
 -7.44034e+02 7.29488e+02 4.06698e+03
 -7.43711e+02 7.29214e+02 4.06703e+03
 -7.43388e+02 7.28940e+02 4.06708e+03
 -7.43064e+02 7.28666e+02 4.06713e+03
 -7.42741e+02 7.28392e+02 4.06718e+03
 -7.42418e+02 7.28118e+02 4.06723e+03
 -7.42095e+02 7.27844e+02 4.06728e+03
 -7.41771e+02 7.27570e+02 4.06733e+03
 -7.41448e+02 7.27296e+02 4.06738e+03
 -7.41125e+02 7.27022e+02 4.06743e+03
 -7.40801e+02 7.26748e+02 4.06747e+03
 -7.40478e+02 7.26474e+02 4.06752e+03
 -7.40155e+02 7.26200e+02 4.06757e+03
 -7.39832e+02 7.25927e+02 4.06762e+03
 -7.39509e+02 7.25653e+02 4.06767e+03
 -7.39185e+02 7.25379e+02 4.06772e+03
 -7.38862e+02 7.25105e+02 4.06777e+03
 -7.38539e+02 7.24831e+02 4.06782e+03
 -7.38216e+02 7.24557e+02 4.06787e+03
 -7.37893e+02 7.24283e+02 4.06792e+03
 -7.37570e+02 7.24009e+02 4.06797e+03
 -7.37247e+02 7.23735e+02 4.06801e+03
 -7.36924e+02 7.23461e+02 4.06806e+03
 -7.36601e+02 7.23187e+02 4.06811e+03
 -7.36277e+02 7.22913e+02 4.06816e+03
 -7.35954e+02 7.22639e+02 4.06821e+03
 -7.35631e+02 7.22365e+02 4.06826e+03
 -7.35308e+02 7.22091e+02 4.06831e+03
 -7.34985e+02 7.21817e+02 4.06835e+03
 -7.34662e+02 7.21543e+02 4.06840e+03
 -7.34339e+02 7.21269e+02 4.06845e+03
 -7.34016e+02 7.20995e+02 4.06850e+03
 -7.33693e+02 7.20721e+02 4.06855e+03
 -7.33371e+02 7.20447e+02 4.06859e+03
 -7.33048e+02 7.20173e+02 4.06864e+03
 -7.32725e+02 7.19899e+02 4.06869e+03
 -7.32402e+02 7.19625e+02 4.06874e+03
 -7.32079e+02 7.19351e+02 4.06879e+03
 -7.31756e+02 7.19077e+02 4.06883e+03
 -7.31433e+02 7.18803e+02 4.06888e+03
 -7.31110e+02 7.18529e+02 4.06893e+03
 -7.30788e+02 7.18255e+02 4.06898e+03
 -7.30465e+02 7.17981e+02 4.06902e+03
 -7.30142e+02 7.17707e+02 4.06907e+03
 -7.29819e+02 7.17433e+02 4.06912e+03
 -7.29496e+02 7.17159e+02 4.06916e+03
 -7.29174e+02 7.16885e+02 4.06921e+03
 -7.28851e+02 7.16611e+02 4.06926e+03
 -7.28528e+02 7.16337e+02 4.06931e+03
 -7.28205e+02 7.16063e+02 4.06935e+03
 -7.27883e+02 7.15789e+02 4.06940e+03
 -7.27560e+02 7.15515e+02 4.06945e+03
 -7.27237e+02 7.15241e+02 4.06949e+03
 -7.26915e+02 7.14968e+02 4.06954e+03
 -7.26592e+02 7.14694e+02 4.06958e+03
 -7.26269e+02 7.14420e+02 4.06963e+03
 -7.25947e+02 7.14146e+02 4.06968e+03
 -7.25624e+02 7.13872e+02 4.06972e+03
 -7.25302e+02 7.13598e+02 4.06977e+03
 -7.24979e+02 7.13324e+02 4.06982e+03
 -7.24657e+02 7.13050e+02 4.06986e+03
 -7.24334e+02 7.12776e+02 4.06991e+03
 -7.24012e+02 7.12502e+02 4.06995e+03
 -7.23689e+02 7.12228e+02 4.07000e+03
 -7.23366e+02 7.11954e+02 4.07005e+03
 -7.23044e+02 7.11680e+02 4.07009e+03
 -7.22722e+02 7.11406e+02 4.07014e+03
 -7.22399e+02 7.11132e+02 4.07018e+03
 -7.22077e+02 7.10858e+02 4.07023e+03
 -7.21754e+02 7.10584e+02 4.07027e+03
 -7.21432e+02 7.10310e+02 4.07032e+03
 -7.21109e+02 7.10036e+02 4.07036e+03
 -7.20787e+02 7.09762e+02 4.07041e+03
 -7.20465e+02 7.09488e+02 4.07045e+03
 -7.20142e+02 7.09214e+02 4.07050e+03
 -7.19820e+02 7.08941e+02 4.07054e+03
 -7.19498e+02 7.08667e+02 4.07059e+03
 -7.19175e+02 7.08393e+02 4.07063e+03
 -7.18853e+02 7.08119e+02 4.07068e+03
 -7.18531e+02 7.07845e+02 4.07072e+03
 -7.18208e+02 7.07571e+02 4.07077e+03
 -7.17886e+02 7.07297e+02 4.07081e+03
 -7.17564e+02 7.07023e+02 4.07086e+03
 -7.17242e+02 7.06749e+02 4.07090e+03
 -7.16920e+02 7.06475e+02 4.07095e+03
 -7.16597e+02 7.06201e+02 4.07099e+03
 -7.16275e+02 7.05927e+02 4.07104e+03
 -7.15953e+02 7.05653e+02 4.07108e+03
 -7.15631e+02 7.05379e+02 4.07112e+03
 -7.15309e+02 7.05105e+02 4.07117e+03
 -7.14987e+02 7.04831e+02 4.07121e+03
 -7.14664e+02 7.04558e+02 4.07126e+03
 -7.14342e+02 7.04284e+02 4.07130e+03
 -7.14020e+02 7.04010e+02 4.07134e+03
 -7.13698e+02 7.03736e+02 4.07139e+03
 -7.13376e+02 7.03462e+02 4.07143e+03
 -7.13054e+02 7.03188e+02 4.07147e+03
 -7.12732e+02 7.02914e+02 4.07152e+03
 -7.12410e+02 7.02640e+02 4.07156e+03
 -7.12088e+02 7.02366e+02 4.07161e+03
 -7.11766e+02 7.02092e+02 4.07165e+03
 -7.11444e+02 7.01818e+02 4.07169e+03
 -7.11122e+02 7.01544e+02 4.07173e+03
 -7.10800e+02 7.01271e+02 4.07178e+03
 -7.10478e+02 7.00997e+02 4.07182e+03


DT_QUAT 2.61931e-01
T0_QUAT -5.33272e+01
NUMBER_OF_QUATERNIONS  135
QUATERNIONS
 -2.42564e-01 6.07767e-01 -7.01531e-01 2.82196e-01
 -2.42620e-01 6.07862e-01 -7.01444e-01 2.82158e-01
 -2.42676e-01 6.07958e-01 -7.01358e-01 2.82120e-01
 -2.42731e-01 6.08053e-01 -7.01271e-01 2.82082e-01
 -2.42787e-01 6.08148e-01 -7.01184e-01 2.82045e-01
 -2.42843e-01 6.08243e-01 -7.01098e-01 2.82007e-01
 -2.42899e-01 6.08338e-01 -7.01011e-01 2.81969e-01
 -2.42954e-01 6.08433e-01 -7.00924e-01 2.81931e-01
 -2.43010e-01 6.08529e-01 -7.00838e-01 2.81894e-01
 -2.43066e-01 6.08624e-01 -7.00751e-01 2.81856e-01
 -2.43121e-01 6.08719e-01 -7.00664e-01 2.81818e-01
 -2.43177e-01 6.08814e-01 -7.00577e-01 2.81780e-01
 -2.43233e-01 6.08909e-01 -7.00491e-01 2.81743e-01
 -2.43288e-01 6.09004e-01 -7.00404e-01 2.81705e-01
 -2.43344e-01 6.09099e-01 -7.00317e-01 2.81667e-01
 -2.43400e-01 6.09194e-01 -7.00230e-01 2.81630e-01
 -2.43455e-01 6.09289e-01 -7.00143e-01 2.81592e-01
 -2.43511e-01 6.09384e-01 -7.00057e-01 2.81554e-01
 -2.43567e-01 6.09479e-01 -6.99970e-01 2.81516e-01
 -2.43622e-01 6.09574e-01 -6.99883e-01 2.81479e-01
 -2.43678e-01 6.09669e-01 -6.99796e-01 2.81441e-01
 -2.43733e-01 6.09763e-01 -6.99709e-01 2.81403e-01
 -2.43789e-01 6.09858e-01 -6.99622e-01 2.81365e-01
 -2.43844e-01 6.09953e-01 -6.99536e-01 2.81328e-01
 -2.43900e-01 6.10048e-01 -6.99449e-01 2.81290e-01
 -2.43955e-01 6.10143e-01 -6.99362e-01 2.81252e-01
 -2.44011e-01 6.10238e-01 -6.99275e-01 2.81215e-01
 -2.44066e-01 6.10332e-01 -6.99188e-01 2.81177e-01
 -2.44122e-01 6.10427e-01 -6.99101e-01 2.81139e-01
 -2.44177e-01 6.10522e-01 -6.99014e-01 2.81102e-01
 -2.44233e-01 6.10617e-01 -6.98927e-01 2.81064e-01
 -2.44288e-01 6.10711e-01 -6.98840e-01 2.81026e-01
 -2.44344e-01 6.10806e-01 -6.98753e-01 2.80988e-01
 -2.44399e-01 6.10901e-01 -6.98666e-01 2.80951e-01
 -2.44454e-01 6.10995e-01 -6.98579e-01 2.80913e-01
 -2.44510e-01 6.11090e-01 -6.98492e-01 2.80875e-01
 -2.44565e-01 6.11184e-01 -6.98405e-01 2.80838e-01
 -2.44621e-01 6.11279e-01 -6.98318e-01 2.80800e-01
 -2.44676e-01 6.11374e-01 -6.98231e-01 2.80762e-01
 -2.44731e-01 6.11468e-01 -6.98144e-01 2.80725e-01
 -2.44787e-01 6.11563e-01 -6.98057e-01 2.80687e-01
 -2.44842e-01 6.11657e-01 -6.97970e-01 2.80649e-01
 -2.44897e-01 6.11752e-01 -6.97883e-01 2.80611e-01
 -2.44953e-01 6.11846e-01 -6.97796e-01 2.80574e-01
 -2.45008e-01 6.11941e-01 -6.97709e-01 2.80536e-01
 -2.45063e-01 6.12035e-01 -6.97622e-01 2.80498e-01
 -2.45118e-01 6.12129e-01 -6.97535e-01 2.80461e-01
 -2.45174e-01 6.12224e-01 -6.97447e-01 2.80423e-01
 -2.45229e-01 6.12318e-01 -6.97360e-01 2.80385e-01
 -2.45284e-01 6.12413e-01 -6.97273e-01 2.80348e-01
 -2.45339e-01 6.12507e-01 -6.97186e-01 2.80310e-01
 -2.45394e-01 6.12601e-01 -6.97099e-01 2.80272e-01
 -2.45450e-01 6.12696e-01 -6.97012e-01 2.80235e-01
 -2.45505e-01 6.12790e-01 -6.96924e-01 2.80197e-01
 -2.45560e-01 6.12884e-01 -6.96837e-01 2.80159e-01
 -2.45615e-01 6.12978e-01 -6.96750e-01 2.80122e-01
 -2.45670e-01 6.13073e-01 -6.96663e-01 2.80084e-01
 -2.45725e-01 6.13167e-01 -6.96576e-01 2.80046e-01
 -2.45781e-01 6.13261e-01 -6.96488e-01 2.80009e-01
 -2.45836e-01 6.13355e-01 -6.96401e-01 2.79971e-01
 -2.45891e-01 6.13449e-01 -6.96314e-01 2.79933e-01
 -2.45946e-01 6.13544e-01 -6.96227e-01 2.79896e-01
 -2.46001e-01 6.13638e-01 -6.96139e-01 2.79858e-01
 -2.46056e-01 6.13732e-01 -6.96052e-01 2.79820e-01
 -2.46111e-01 6.13826e-01 -6.95965e-01 2.79783e-01
 -2.46166e-01 6.13920e-01 -6.95878e-01 2.79745e-01
 -2.46221e-01 6.14014e-01 -6.95790e-01 2.79707e-01
 -2.46276e-01 6.14108e-01 -6.95703e-01 2.79670e-01
 -2.46331e-01 6.14202e-01 -6.95616e-01 2.79632e-01
 -2.46386e-01 6.14296e-01 -6.95528e-01 2.79594e-01
 -2.46441e-01 6.14390e-01 -6.95441e-01 2.79557e-01
 -2.46496e-01 6.14484e-01 -6.95354e-01 2.79519e-01
 -2.46551e-01 6.14578e-01 -6.95266e-01 2.79482e-01
 -2.46606e-01 6.14672e-01 -6.95179e-01 2.79444e-01
 -2.46661e-01 6.14766e-01 -6.95091e-01 2.79406e-01
 -2.46716e-01 6.14860e-01 -6.95004e-01 2.79369e-01
 -2.46770e-01 6.14953e-01 -6.94917e-01 2.79331e-01
 -2.46825e-01 6.15047e-01 -6.94829e-01 2.79293e-01
 -2.46880e-01 6.15141e-01 -6.94742e-01 2.79256e-01
 -2.46935e-01 6.15235e-01 -6.94654e-01 2.79218e-01
 -2.46990e-01 6.15329e-01 -6.94567e-01 2.79180e-01
 -2.47045e-01 6.15422e-01 -6.94479e-01 2.79143e-01
 -2.47099e-01 6.15516e-01 -6.94392e-01 2.79105e-01
 -2.47154e-01 6.15610e-01 -6.94304e-01 2.79068e-01
 -2.47209e-01 6.15704e-01 -6.94217e-01 2.79030e-01
 -2.47264e-01 6.15797e-01 -6.94129e-01 2.78992e-01
 -2.47319e-01 6.15891e-01 -6.94042e-01 2.78955e-01
 -2.47373e-01 6.15985e-01 -6.93954e-01 2.78917e-01
 -2.47428e-01 6.16078e-01 -6.93867e-01 2.78879e-01
 -2.47483e-01 6.16172e-01 -6.93779e-01 2.78842e-01
 -2.47538e-01 6.16266e-01 -6.93692e-01 2.78804e-01
 -2.47592e-01 6.16359e-01 -6.93604e-01 2.78767e-01
 -2.47647e-01 6.16453e-01 -6.93517e-01 2.78729e-01
 -2.47702e-01 6.16546e-01 -6.93429e-01 2.78691e-01
 -2.47756e-01 6.16640e-01 -6.93342e-01 2.78654e-01
 -2.47811e-01 6.16733e-01 -6.93254e-01 2.78616e-01
 -2.47866e-01 6.16827e-01 -6.93166e-01 2.78579e-01
 -2.47920e-01 6.16920e-01 -6.93079e-01 2.78541e-01
 -2.47975e-01 6.17014e-01 -6.92991e-01 2.78503e-01
 -2.48029e-01 6.17107e-01 -6.92903e-01 2.78466e-01
 -2.48084e-01 6.17201e-01 -6.92816e-01 2.78428e-01
 -2.48139e-01 6.17294e-01 -6.92728e-01 2.78391e-01
 -2.48193e-01 6.17387e-01 -6.92641e-01 2.78353e-01
 -2.48248e-01 6.17481e-01 -6.92553e-01 2.78315e-01
 -2.48302e-01 6.17574e-01 -6.92465e-01 2.78278e-01
 -2.48357e-01 6.17667e-01 -6.92377e-01 2.78240e-01
 -2.48411e-01 6.17761e-01 -6.92290e-01 2.78203e-01
 -2.48466e-01 6.17854e-01 -6.92202e-01 2.78165e-01
 -2.48520e-01 6.17947e-01 -6.92114e-01 2.78127e-01
 -2.48575e-01 6.18040e-01 -6.92027e-01 2.78090e-01
 -2.48629e-01 6.18134e-01 -6.91939e-01 2.78052e-01
 -2.48684e-01 6.18227e-01 -6.91851e-01 2.78015e-01
 -2.48738e-01 6.18320e-01 -6.91763e-01 2.77977e-01
 -2.48792e-01 6.18413e-01 -6.91676e-01 2.77939e-01
 -2.48847e-01 6.18506e-01 -6.91588e-01 2.77902e-01
 -2.48901e-01 6.18600e-01 -6.91500e-01 2.77864e-01
 -2.48956e-01 6.18693e-01 -6.91412e-01 2.77827e-01
 -2.49010e-01 6.18786e-01 -6.91324e-01 2.77789e-01
 -2.49064e-01 6.18879e-01 -6.91237e-01 2.77751e-01
 -2.49119e-01 6.18972e-01 -6.91149e-01 2.77714e-01
 -2.49173e-01 6.19065e-01 -6.91061e-01 2.77676e-01
 -2.49227e-01 6.19158e-01 -6.90973e-01 2.77639e-01
 -2.49282e-01 6.19251e-01 -6.90885e-01 2.77601e-01
 -2.49336e-01 6.19344e-01 -6.90797e-01 2.77564e-01
 -2.49390e-01 6.19437e-01 -6.90710e-01 2.77526e-01
 -2.49444e-01 6.19530e-01 -6.90622e-01 2.77488e-01
 -2.49499e-01 6.19623e-01 -6.90534e-01 2.77451e-01
 -2.49553e-01 6.19716e-01 -6.90446e-01 2.77413e-01
 -2.49607e-01 6.19809e-01 -6.90358e-01 2.77376e-01
 -2.49661e-01 6.19902e-01 -6.90270e-01 2.77338e-01
 -2.49716e-01 6.19994e-01 -6.90182e-01 2.77301e-01
 -2.49770e-01 6.20087e-01 -6.90094e-01 2.77263e-01
 -2.49824e-01 6.20180e-01 -6.90006e-01 2.77225e-01
 -2.49878e-01 6.20273e-01 -6.89918e-01 2.77188e-01
 -2.49932e-01 6.20366e-01 -6.89830e-01 2.77150e-01


SCAN_DURATION 3.01221e+01
INT_TIME 3.94681e-03

ALONG_SCAN_PIXEL_SIZE  7.00000e-03
CROSS_SCAN_PIXEL_SIZE  7.00000e-03

CENTER_GP -7.94589e-02 2.39466e+00 0.00000e+00
SENSOR_POSITION -1.20006e-01 2.38871e+00 3.85312e+05
MOUNTING_ANGLES 0.00000e+00 0.00000e+00 0.00000e+00

TOTAL_LINES 7632
TOTAL_SAMPLES 5176




IKCODE  -41211
ISIS_Z_DIRECTION  1.00000e+00
OPTICAL_DIST_COEF 0.00000e+00 0.00000e+00 0.00000e+00
ITRANSS -2.79413e+00 -1.42857e+02 1.57079e-02
ITRANSL 8.57038e+03 1.57079e-02 1.42857e+02
DETECTOR_SAMPLE_ORIGIN 2.59250e+03
DETECTOR_LINE_ORIGIN 0.00000e+00
DETECTOR_LINE_OFFSET  0.00000e+00
DETECTOR_SAMPLE_SUMMING  1.00000e+00
STARTING_SAMPLE 1.00000e+00
STARTING_LINE 1.00000e+00
STARTING_EPHEMERIS_TIME 2.30605e+08
CENTER_EPHEMERIS_TIME 2.30605e+08
