RECTIFICATION_TERMS
        1.30665e+04 0.00000e+00 1.00000e+00
        2.58800e+03 1.00000e+00 0.00000e+00
GROUND_ZERO -9.76327e-02 -1.33743e+00 0.00000e+00
LOAD_PT -9.76327e-02 -1.33743e+00 0.00000e+00
COORD_SYSTEM 1
IMAGE_MOTION 0
SENSOR_TYPE USGSAstroLineScannerKLEv
SENSOR_MODE UNKNOWN
FOCAL 1.75010e+02
ATMCO 0.00000e+00 0.00000e+00 0.00000e+00 0.00000e+00
IOCOEF_LINE 1.30665e+04 1.42857e+02 0.00000e+00 0.00000e+00 0.00000e+00 0.00000e+00 0.00000e+00 0.00000e+00 0.00000e+00 0.00000e+00
IOCOEF_SAMPLE 2.58800e+03 0.00000e+00 1.42857e+02 0.00000e+00 0.00000e+00 0.00000e+00 0.00000e+00 0.00000e+00 0.00000e+00 0.00000e+00
ABERR    0
ATMREF   0
PLATFORM   1
SOURCE_FLAG  1
SINGLE_EPHEMERIDE  0
TRI_PARAMETERS
0.00000e+00 0.00000e+00 0.00000e+00 0.00000e+00 0.00000e+00 0.00000e+00 0.00000e+00 0.00000e+00 0.00000e+00 0.00000e+00 0.00000e+00 0.00000e+00 0.00000e+00 0.00000e+00 0.00000e+00 1.75010e+02 0.00000e+00 0.00000e+00
T_CENTER  -3.69548e-06
DT_EPHEM  1.67259e+00
T0_EPHEM  -6.18860e+01
NUMBER_OF_EPHEM   75
EPHEM_PTS
 9.46653e+05 -3.89155e+06 -1.52360e+05
 9.46889e+05 -3.89289e+06 -1.58985e+05
 9.47123e+05 -3.89422e+06 -1.65611e+05
 9.47354e+05 -3.89554e+06 -1.72236e+05
 9.47584e+05 -3.89686e+06 -1.78860e+05
 9.47812e+05 -3.89817e+06 -1.85485e+05
 9.48037e+05 -3.89947e+06 -1.92109e+05
 9.48261e+05 -3.90076e+06 -1.98732e+05
 9.48482e+05 -3.90205e+06 -2.05356e+05
 9.48701e+05 -3.90333e+06 -2.11978e+05
 9.48919e+05 -3.90461e+06 -2.18601e+05
 9.49134e+05 -3.90587e+06 -2.25223e+05
 9.49347e+05 -3.90713e+06 -2.31845e+05
 9.49558e+05 -3.90838e+06 -2.38466e+05
 9.49768e+05 -3.90963e+06 -2.45087e+05
 9.49975e+05 -3.91087e+06 -2.51707e+05
 9.50180e+05 -3.91210e+06 -2.58327e+05
 9.50383e+05 -3.91332e+06 -2.64946e+05
 9.50584e+05 -3.91454e+06 -2.71565e+05
 9.50783e+05 -3.91575e+06 -2.78184e+05
 9.50980e+05 -3.91695e+06 -2.84802e+05
 9.51175e+05 -3.91815e+06 -2.91419e+05
 9.51368e+05 -3.91934e+06 -2.98036e+05
 9.51559e+05 -3.92052e+06 -3.04652e+05
 9.51748e+05 -3.92170e+06 -3.11268e+05
 9.51936e+05 -3.92286e+06 -3.17883e+05
 9.52121e+05 -3.92403e+06 -3.24498e+05
 9.52304e+05 -3.92518e+06 -3.31112e+05
 9.52485e+05 -3.92633e+06 -3.37725e+05
 9.52664e+05 -3.92747e+06 -3.44338e+05
 9.52841e+05 -3.92860e+06 -3.50950e+05
 9.53016e+05 -3.92973e+06 -3.57562e+05
 9.53190e+05 -3.93085e+06 -3.64173e+05
 9.53361e+05 -3.93196e+06 -3.70783e+05
 9.53530e+05 -3.93306e+06 -3.77393e+05
 9.53698e+05 -3.93416e+06 -3.84002e+05
 9.53863e+05 -3.93525e+06 -3.90610e+05
 9.54027e+05 -3.93634e+06 -3.97217e+05
 9.54188e+05 -3.93742e+06 -4.03824e+05
 9.54348e+05 -3.93849e+06 -4.10430e+05
 9.54505e+05 -3.93955e+06 -4.17036e+05
 9.54661e+05 -3.94061e+06 -4.23640e+05
 9.54815e+05 -3.94166e+06 -4.30244e+05
 9.54967e+05 -3.94270e+06 -4.36847e+05
 9.55117e+05 -3.94374e+06 -4.43450e+05
 9.55265e+05 -3.94477e+06 -4.50051e+05
 9.55411e+05 -3.94579e+06 -4.56652e+05
 9.55555e+05 -3.94680e+06 -4.63252e+05
 9.55697e+05 -3.94781e+06 -4.69851e+05
 9.55837e+05 -3.94881e+06 -4.76449e+05
 9.55976e+05 -3.94981e+06 -4.83047e+05
 9.56112e+05 -3.95080e+06 -4.89643e+05
 9.56247e+05 -3.95178e+06 -4.96239e+05
 9.56380e+05 -3.95275e+06 -5.02834e+05
 9.56511e+05 -3.95372e+06 -5.09428e+05
 9.56640e+05 -3.95468e+06 -5.16021e+05
 9.56767e+05 -3.95564e+06 -5.22613e+05
 9.56892e+05 -3.95659e+06 -5.29205e+05
 9.57015e+05 -3.95753e+06 -5.35795e+05
 9.57137e+05 -3.95846e+06 -5.42385e+05
 9.57257e+05 -3.95939e+06 -5.48973e+05
 9.57374e+05 -3.96031e+06 -5.55561e+05
 9.57490e+05 -3.96122e+06 -5.62147e+05
 9.57604e+05 -3.96213e+06 -5.68733e+05
 9.57716e+05 -3.96303e+06 -5.75317e+05
 9.57827e+05 -3.96392e+06 -5.81901e+05
 9.57935e+05 -3.96481e+06 -5.88484e+05
 9.58042e+05 -3.96569e+06 -5.95065e+05
 9.58147e+05 -3.96656e+06 -6.01646e+05
 9.58250e+05 -3.96743e+06 -6.08225e+05
 9.58351e+05 -3.96829e+06 -6.14804e+05
 9.58450e+05 -3.96914e+06 -6.21381e+05
 9.58548e+05 -3.96999e+06 -6.27958e+05
 9.58643e+05 -3.97083e+06 -6.34533e+05
 9.58737e+05 -3.97166e+06 -6.41107e+05


EPHEM_RATES
 1.41611e+02 -8.01984e+02 -3.96134e+03
 1.40372e+02 -7.97712e+02 -3.96117e+03
 1.39135e+02 -7.93444e+02 -3.96098e+03
 1.37900e+02 -7.89179e+02 -3.96080e+03
 1.36668e+02 -7.84918e+02 -3.96060e+03
 1.35437e+02 -7.80660e+02 -3.96040e+03
 1.34209e+02 -7.76406e+02 -3.96019e+03
 1.32982e+02 -7.72156e+02 -3.95997e+03
 1.31758e+02 -7.67909e+02 -3.95975e+03
 1.30535e+02 -7.63666e+02 -3.95952e+03
 1.29315e+02 -7.59426e+02 -3.95928e+03
 1.28097e+02 -7.55190e+02 -3.95903e+03
 1.26881e+02 -7.50957e+02 -3.95878e+03
 1.25666e+02 -7.46728e+02 -3.95852e+03
 1.24454e+02 -7.42503e+02 -3.95825e+03
 1.23244e+02 -7.38281e+02 -3.95798e+03
 1.22036e+02 -7.34064e+02 -3.95770e+03
 1.20830e+02 -7.29849e+02 -3.95741e+03
 1.19627e+02 -7.25639e+02 -3.95712e+03
 1.18425e+02 -7.21432e+02 -3.95682e+03
 1.17225e+02 -7.17229e+02 -3.95651e+03
 1.16027e+02 -7.13030e+02 -3.95620e+03
 1.14832e+02 -7.08834e+02 -3.95588e+03
 1.13639e+02 -7.04642e+02 -3.95555e+03
 1.12447e+02 -7.00454e+02 -3.95521e+03
 1.11258e+02 -6.96270e+02 -3.95487e+03
 1.10071e+02 -6.92089e+02 -3.95452e+03
 1.08886e+02 -6.87913e+02 -3.95417e+03
 1.07703e+02 -6.83740e+02 -3.95381e+03
 1.06522e+02 -6.79571e+02 -3.95344e+03
 1.05343e+02 -6.75406e+02 -3.95306e+03
 1.04166e+02 -6.71245e+02 -3.95268e+03
 1.02992e+02 -6.67087e+02 -3.95229e+03
 1.01819e+02 -6.62934e+02 -3.95190e+03
 1.00649e+02 -6.58784e+02 -3.95149e+03
 9.94811e+01 -6.54638e+02 -3.95109e+03
 9.83150e+01 -6.50497e+02 -3.95067e+03
 9.71510e+01 -6.46359e+02 -3.95025e+03
 9.59891e+01 -6.42225e+02 -3.94982e+03
 9.48292e+01 -6.38095e+02 -3.94939e+03
 9.36714e+01 -6.33969e+02 -3.94895e+03
 9.25158e+01 -6.29847e+02 -3.94850e+03
 9.13623e+01 -6.25729e+02 -3.94804e+03
 9.02110e+01 -6.21615e+02 -3.94758e+03
 8.90618e+01 -6.17505e+02 -3.94712e+03
 8.79147e+01 -6.13399e+02 -3.94664e+03
 8.67697e+01 -6.09297e+02 -3.94617e+03
 8.56269e+01 -6.05199e+02 -3.94568e+03
 8.44862e+01 -6.01105e+02 -3.94519e+03
 8.33476e+01 -5.97016e+02 -3.94469e+03
 8.22111e+01 -5.92930e+02 -3.94418e+03
 8.10767e+01 -5.88848e+02 -3.94367e+03
 7.99445e+01 -5.84771e+02 -3.94316e+03
 7.88144e+01 -5.80697e+02 -3.94263e+03
 7.76865e+01 -5.76628e+02 -3.94210e+03
 7.65608e+01 -5.72563e+02 -3.94157e+03
 7.54371e+01 -5.68502e+02 -3.94102e+03
 7.43157e+01 -5.64445e+02 -3.94048e+03
 7.31963e+01 -5.60392e+02 -3.93992e+03
 7.20790e+01 -5.56343e+02 -3.93936e+03
 7.09639e+01 -5.52299e+02 -3.93880e+03
 6.98509e+01 -5.48258e+02 -3.93822e+03
 6.87401e+01 -5.44222e+02 -3.93764e+03
 6.76315e+01 -5.40190e+02 -3.93706e+03
 6.65250e+01 -5.36163e+02 -3.93647e+03
 6.54207e+01 -5.32139e+02 -3.93587e+03
 6.43184e+01 -5.28120e+02 -3.93527e+03
 6.32184e+01 -5.24105e+02 -3.93466e+03
 6.21205e+01 -5.20094e+02 -3.93404e+03
 6.10248e+01 -5.16088e+02 -3.93342e+03
 5.99312e+01 -5.12086e+02 -3.93280e+03
 5.88397e+01 -5.08088e+02 -3.93217e+03
 5.77504e+01 -5.04094e+02 -3.93153e+03
 5.66633e+01 -5.00104e+02 -3.93088e+03
 5.55782e+01 -4.96119e+02 -3.93023e+03


DT_QUAT 1.56716e-01
T0_QUAT -4.74852e+01
NUMBER_OF_QUATERNIONS  607
QUATERNIONS
 -6.80811e-01 -8.54969e-02 9.96244e-02 7.20598e-01
 -6.80756e-01 -8.54869e-02 9.96292e-02 7.20650e-01
 -6.80701e-01 -8.54770e-02 9.96340e-02 7.20702e-01
 -6.80647e-01 -8.54670e-02 9.96388e-02 7.20754e-01
 -6.80592e-01 -8.54570e-02 9.96436e-02 7.20806e-01
 -6.80537e-01 -8.54471e-02 9.96484e-02 7.20858e-01
 -6.80483e-01 -8.54371e-02 9.96532e-02 7.20910e-01
 -6.80428e-01 -8.54272e-02 9.96580e-02 7.20962e-01
 -6.80373e-01 -8.54172e-02 9.96628e-02 7.21014e-01
 -6.80319e-01 -8.54073e-02 9.96676e-02 7.21067e-01
 -6.80264e-01 -8.53973e-02 9.96724e-02 7.21119e-01
 -6.80209e-01 -8.53874e-02 9.96772e-02 7.21171e-01
 -6.80155e-01 -8.53774e-02 9.96820e-02 7.21223e-01
 -6.80100e-01 -8.53675e-02 9.96868e-02 7.21275e-01
 -6.80045e-01 -8.53575e-02 9.96916e-02 7.21327e-01
 -6.79991e-01 -8.53476e-02 9.96964e-02 7.21379e-01
 -6.79936e-01 -8.53376e-02 9.97012e-02 7.21431e-01
 -6.79882e-01 -8.53277e-02 9.97060e-02 7.21483e-01
 -6.79827e-01 -8.53178e-02 9.97108e-02 7.21535e-01
 -6.79772e-01 -8.53078e-02 9.97155e-02 7.21587e-01
 -6.79718e-01 -8.52979e-02 9.97203e-02 7.21639e-01
 -6.79663e-01 -8.52879e-02 9.97251e-02 7.21691e-01
 -6.79608e-01 -8.52780e-02 9.97299e-02 7.21743e-01
 -6.79554e-01 -8.52681e-02 9.97347e-02 7.21795e-01
 -6.79499e-01 -8.52581e-02 9.97395e-02 7.21847e-01
 -6.79444e-01 -8.52482e-02 9.97443e-02 7.21899e-01
 -6.79390e-01 -8.52383e-02 9.97491e-02 7.21951e-01
 -6.79335e-01 -8.52283e-02 9.97539e-02 7.22003e-01
 -6.79280e-01 -8.52184e-02 9.97586e-02 7.22054e-01
 -6.79226e-01 -8.52085e-02 9.97634e-02 7.22106e-01
 -6.79171e-01 -8.51985e-02 9.97682e-02 7.22158e-01
 -6.79117e-01 -8.51886e-02 9.97730e-02 7.22210e-01
 -6.79062e-01 -8.51787e-02 9.97778e-02 7.22262e-01
 -6.79007e-01 -8.51688e-02 9.97825e-02 7.22314e-01
 -6.78953e-01 -8.51588e-02 9.97873e-02 7.22366e-01
 -6.78898e-01 -8.51489e-02 9.97921e-02 7.22418e-01
 -6.78843e-01 -8.51390e-02 9.97969e-02 7.22470e-01
 -6.78789e-01 -8.51291e-02 9.98017e-02 7.22521e-01
 -6.78734e-01 -8.51191e-02 9.98064e-02 7.22573e-01
 -6.78679e-01 -8.51092e-02 9.98112e-02 7.22625e-01
 -6.78625e-01 -8.50993e-02 9.98160e-02 7.22677e-01
 -6.78570e-01 -8.50894e-02 9.98208e-02 7.22729e-01
 -6.78515e-01 -8.50795e-02 9.98255e-02 7.22781e-01
 -6.78461e-01 -8.50696e-02 9.98303e-02 7.22832e-01
 -6.78406e-01 -8.50596e-02 9.98351e-02 7.22884e-01
 -6.78352e-01 -8.50497e-02 9.98398e-02 7.22936e-01
 -6.78297e-01 -8.50398e-02 9.98446e-02 7.22988e-01
 -6.78242e-01 -8.50299e-02 9.98494e-02 7.23039e-01
 -6.78188e-01 -8.50200e-02 9.98541e-02 7.23091e-01
 -6.78133e-01 -8.50101e-02 9.98589e-02 7.23143e-01
 -6.78078e-01 -8.50002e-02 9.98637e-02 7.23195e-01
 -6.78024e-01 -8.49903e-02 9.98684e-02 7.23246e-01
 -6.77969e-01 -8.49804e-02 9.98732e-02 7.23298e-01
 -6.77914e-01 -8.49705e-02 9.98780e-02 7.23350e-01
 -6.77860e-01 -8.49606e-02 9.98827e-02 7.23402e-01
 -6.77805e-01 -8.49507e-02 9.98875e-02 7.23453e-01
 -6.77750e-01 -8.49408e-02 9.98923e-02 7.23505e-01
 -6.77696e-01 -8.49309e-02 9.98970e-02 7.23557e-01
 -6.77641e-01 -8.49210e-02 9.99018e-02 7.23608e-01
 -6.77587e-01 -8.49111e-02 9.99065e-02 7.23660e-01
 -6.77532e-01 -8.49012e-02 9.99113e-02 7.23712e-01
 -6.77477e-01 -8.48913e-02 9.99160e-02 7.23763e-01
 -6.77423e-01 -8.48814e-02 9.99208e-02 7.23815e-01
 -6.77368e-01 -8.48715e-02 9.99256e-02 7.23867e-01
 -6.77313e-01 -8.48616e-02 9.99303e-02 7.23918e-01
 -6.77259e-01 -8.48517e-02 9.99351e-02 7.23970e-01
 -6.77204e-01 -8.48418e-02 9.99398e-02 7.24022e-01
 -6.77149e-01 -8.48319e-02 9.99446e-02 7.24073e-01
 -6.77095e-01 -8.48220e-02 9.99493e-02 7.24125e-01
 -6.77040e-01 -8.48121e-02 9.99541e-02 7.24176e-01
 -6.76986e-01 -8.48022e-02 9.99588e-02 7.24228e-01
 -6.76931e-01 -8.47924e-02 9.99636e-02 7.24279e-01
 -6.76876e-01 -8.47825e-02 9.99683e-02 7.24331e-01
 -6.76822e-01 -8.47726e-02 9.99731e-02 7.24383e-01
 -6.76767e-01 -8.47627e-02 9.99778e-02 7.24434e-01
 -6.76712e-01 -8.47528e-02 9.99826e-02 7.24486e-01
 -6.76658e-01 -8.47430e-02 9.99873e-02 7.24537e-01
 -6.76603e-01 -8.47331e-02 9.99920e-02 7.24589e-01
 -6.76548e-01 -8.47232e-02 9.99968e-02 7.24640e-01
 -6.76494e-01 -8.47133e-02 1.00001e-01 7.24692e-01
 -6.76439e-01 -8.47034e-02 1.00006e-01 7.24743e-01
 -6.76385e-01 -8.46936e-02 1.00011e-01 7.24795e-01
 -6.76330e-01 -8.46837e-02 1.00015e-01 7.24846e-01
 -6.76275e-01 -8.46738e-02 1.00020e-01 7.24898e-01
 -6.76221e-01 -8.46640e-02 1.00025e-01 7.24949e-01
 -6.76166e-01 -8.46541e-02 1.00030e-01 7.25001e-01
 -6.76111e-01 -8.46442e-02 1.00034e-01 7.25052e-01
 -6.76057e-01 -8.46344e-02 1.00039e-01 7.25103e-01
 -6.76002e-01 -8.46245e-02 1.00044e-01 7.25155e-01
 -6.75947e-01 -8.46146e-02 1.00048e-01 7.25206e-01
 -6.75893e-01 -8.46048e-02 1.00053e-01 7.25258e-01
 -6.75838e-01 -8.45949e-02 1.00058e-01 7.25309e-01
 -6.75784e-01 -8.45850e-02 1.00063e-01 7.25361e-01
 -6.75729e-01 -8.45752e-02 1.00067e-01 7.25412e-01
 -6.75674e-01 -8.45653e-02 1.00072e-01 7.25463e-01
 -6.75620e-01 -8.45554e-02 1.00077e-01 7.25515e-01
 -6.75565e-01 -8.45456e-02 1.00082e-01 7.25566e-01
 -6.75510e-01 -8.45357e-02 1.00086e-01 7.25617e-01
 -6.75456e-01 -8.45259e-02 1.00091e-01 7.25669e-01
 -6.75401e-01 -8.45160e-02 1.00096e-01 7.25720e-01
 -6.75346e-01 -8.45062e-02 1.00100e-01 7.25771e-01
 -6.75292e-01 -8.44963e-02 1.00105e-01 7.25823e-01
 -6.75237e-01 -8.44865e-02 1.00110e-01 7.25874e-01
 -6.75183e-01 -8.44766e-02 1.00115e-01 7.25925e-01
 -6.75128e-01 -8.44668e-02 1.00119e-01 7.25977e-01
 -6.75073e-01 -8.44569e-02 1.00124e-01 7.26028e-01
 -6.75019e-01 -8.44471e-02 1.00129e-01 7.26079e-01
 -6.74964e-01 -8.44372e-02 1.00133e-01 7.26131e-01
 -6.74909e-01 -8.44274e-02 1.00138e-01 7.26182e-01
 -6.74855e-01 -8.44175e-02 1.00143e-01 7.26233e-01
 -6.74800e-01 -8.44077e-02 1.00148e-01 7.26284e-01
 -6.74746e-01 -8.43979e-02 1.00152e-01 7.26336e-01
 -6.74691e-01 -8.43880e-02 1.00157e-01 7.26387e-01
 -6.74636e-01 -8.43782e-02 1.00162e-01 7.26438e-01
 -6.74582e-01 -8.43683e-02 1.00166e-01 7.26489e-01
 -6.74527e-01 -8.43585e-02 1.00171e-01 7.26540e-01
 -6.74472e-01 -8.43487e-02 1.00176e-01 7.26592e-01
 -6.74418e-01 -8.43388e-02 1.00181e-01 7.26643e-01
 -6.74363e-01 -8.43290e-02 1.00185e-01 7.26694e-01
 -6.74309e-01 -8.43192e-02 1.00190e-01 7.26745e-01
 -6.74254e-01 -8.43093e-02 1.00195e-01 7.26796e-01
 -6.74199e-01 -8.42995e-02 1.00199e-01 7.26848e-01
 -6.74145e-01 -8.42897e-02 1.00204e-01 7.26899e-01
 -6.74090e-01 -8.42798e-02 1.00209e-01 7.26950e-01
 -6.74035e-01 -8.42700e-02 1.00214e-01 7.27001e-01
 -6.73981e-01 -8.42602e-02 1.00218e-01 7.27052e-01
 -6.73926e-01 -8.42504e-02 1.00223e-01 7.27103e-01
 -6.73872e-01 -8.42405e-02 1.00228e-01 7.27154e-01
 -6.73817e-01 -8.42307e-02 1.00232e-01 7.27206e-01
 -6.73762e-01 -8.42209e-02 1.00237e-01 7.27257e-01
 -6.73708e-01 -8.42111e-02 1.00242e-01 7.27308e-01
 -6.73653e-01 -8.42013e-02 1.00246e-01 7.27359e-01
 -6.73598e-01 -8.41914e-02 1.00251e-01 7.27410e-01
 -6.73544e-01 -8.41816e-02 1.00256e-01 7.27461e-01
 -6.73489e-01 -8.41718e-02 1.00261e-01 7.27512e-01
 -6.73435e-01 -8.41620e-02 1.00265e-01 7.27563e-01
 -6.73380e-01 -8.41522e-02 1.00270e-01 7.27614e-01
 -6.73325e-01 -8.41424e-02 1.00275e-01 7.27665e-01
 -6.73271e-01 -8.41325e-02 1.00279e-01 7.27716e-01
 -6.73216e-01 -8.41227e-02 1.00284e-01 7.27767e-01
 -6.73162e-01 -8.41129e-02 1.00289e-01 7.27818e-01
 -6.73107e-01 -8.41031e-02 1.00293e-01 7.27869e-01
 -6.73052e-01 -8.40933e-02 1.00298e-01 7.27920e-01
 -6.72998e-01 -8.40835e-02 1.00303e-01 7.27971e-01
 -6.72943e-01 -8.40737e-02 1.00307e-01 7.28022e-01
 -6.72888e-01 -8.40639e-02 1.00312e-01 7.28073e-01
 -6.72834e-01 -8.40541e-02 1.00317e-01 7.28124e-01
 -6.72779e-01 -8.40443e-02 1.00321e-01 7.28175e-01
 -6.72725e-01 -8.40345e-02 1.00326e-01 7.28226e-01
 -6.72670e-01 -8.40247e-02 1.00331e-01 7.28277e-01
 -6.72615e-01 -8.40149e-02 1.00336e-01 7.28328e-01
 -6.72561e-01 -8.40051e-02 1.00340e-01 7.28379e-01
 -6.72506e-01 -8.39953e-02 1.00345e-01 7.28430e-01
 -6.72452e-01 -8.39855e-02 1.00350e-01 7.28481e-01
 -6.72397e-01 -8.39757e-02 1.00354e-01 7.28531e-01
 -6.72342e-01 -8.39659e-02 1.00359e-01 7.28582e-01
 -6.72288e-01 -8.39561e-02 1.00364e-01 7.28633e-01
 -6.72233e-01 -8.39463e-02 1.00368e-01 7.28684e-01
 -6.72178e-01 -8.39365e-02 1.00373e-01 7.28735e-01
 -6.72124e-01 -8.39268e-02 1.00378e-01 7.28786e-01
 -6.72069e-01 -8.39170e-02 1.00382e-01 7.28837e-01
 -6.72015e-01 -8.39072e-02 1.00387e-01 7.28887e-01
 -6.71960e-01 -8.38974e-02 1.00392e-01 7.28938e-01
 -6.71905e-01 -8.38876e-02 1.00396e-01 7.28989e-01
 -6.71851e-01 -8.38778e-02 1.00401e-01 7.29040e-01
 -6.71796e-01 -8.38680e-02 1.00406e-01 7.29091e-01
 -6.71742e-01 -8.38583e-02 1.00410e-01 7.29141e-01
 -6.71687e-01 -8.38485e-02 1.00415e-01 7.29192e-01
 -6.71632e-01 -8.38387e-02 1.00420e-01 7.29243e-01
 -6.71578e-01 -8.38289e-02 1.00424e-01 7.29294e-01
 -6.71523e-01 -8.38191e-02 1.00429e-01 7.29345e-01
 -6.71469e-01 -8.38094e-02 1.00434e-01 7.29395e-01
 -6.71414e-01 -8.37996e-02 1.00438e-01 7.29446e-01
 -6.71359e-01 -8.37898e-02 1.00443e-01 7.29497e-01
 -6.71305e-01 -8.37800e-02 1.00448e-01 7.29548e-01
 -6.71250e-01 -8.37703e-02 1.00452e-01 7.29598e-01
 -6.71196e-01 -8.37605e-02 1.00457e-01 7.29649e-01
 -6.71141e-01 -8.37507e-02 1.00462e-01 7.29700e-01
 -6.71086e-01 -8.37410e-02 1.00466e-01 7.29750e-01
 -6.71032e-01 -8.37312e-02 1.00471e-01 7.29801e-01
 -6.70977e-01 -8.37214e-02 1.00476e-01 7.29852e-01
 -6.70922e-01 -8.37117e-02 1.00480e-01 7.29902e-01
 -6.70868e-01 -8.37019e-02 1.00485e-01 7.29953e-01
 -6.70813e-01 -8.36921e-02 1.00489e-01 7.30004e-01
 -6.70759e-01 -8.36824e-02 1.00494e-01 7.30054e-01
 -6.70704e-01 -8.36726e-02 1.00499e-01 7.30105e-01
 -6.70649e-01 -8.36629e-02 1.00503e-01 7.30156e-01
 -6.70595e-01 -8.36531e-02 1.00508e-01 7.30206e-01
 -6.70540e-01 -8.36434e-02 1.00513e-01 7.30257e-01
 -6.70486e-01 -8.36336e-02 1.00517e-01 7.30308e-01
 -6.70431e-01 -8.36238e-02 1.00522e-01 7.30358e-01
 -6.70376e-01 -8.36141e-02 1.00527e-01 7.30409e-01
 -6.70322e-01 -8.36043e-02 1.00531e-01 7.30459e-01
 -6.70267e-01 -8.35946e-02 1.00536e-01 7.30510e-01
 -6.70213e-01 -8.35848e-02 1.00541e-01 7.30560e-01
 -6.70158e-01 -8.35751e-02 1.00545e-01 7.30611e-01
 -6.70103e-01 -8.35653e-02 1.00550e-01 7.30662e-01
 -6.70049e-01 -8.35556e-02 1.00555e-01 7.30712e-01
 -6.69994e-01 -8.35458e-02 1.00559e-01 7.30763e-01
 -6.69940e-01 -8.35361e-02 1.00564e-01 7.30813e-01
 -6.69885e-01 -8.35264e-02 1.00568e-01 7.30864e-01
 -6.69830e-01 -8.35166e-02 1.00573e-01 7.30914e-01
 -6.69776e-01 -8.35069e-02 1.00578e-01 7.30965e-01
 -6.69721e-01 -8.34971e-02 1.00582e-01 7.31015e-01
 -6.69667e-01 -8.34874e-02 1.00587e-01 7.31066e-01
 -6.69612e-01 -8.34777e-02 1.00592e-01 7.31116e-01
 -6.69558e-01 -8.34679e-02 1.00596e-01 7.31167e-01
 -6.69503e-01 -8.34582e-02 1.00601e-01 7.31217e-01
 -6.69448e-01 -8.34485e-02 1.00605e-01 7.31268e-01
 -6.69394e-01 -8.34387e-02 1.00610e-01 7.31318e-01
 -6.69339e-01 -8.34290e-02 1.00615e-01 7.31368e-01
 -6.69285e-01 -8.34193e-02 1.00619e-01 7.31419e-01
 -6.69230e-01 -8.34095e-02 1.00624e-01 7.31469e-01
 -6.69175e-01 -8.33998e-02 1.00629e-01 7.31520e-01
 -6.69121e-01 -8.33901e-02 1.00633e-01 7.31570e-01
 -6.69066e-01 -8.33803e-02 1.00638e-01 7.31621e-01
 -6.69012e-01 -8.33706e-02 1.00642e-01 7.31671e-01
 -6.68957e-01 -8.33609e-02 1.00647e-01 7.31721e-01
 -6.68902e-01 -8.33512e-02 1.00652e-01 7.31772e-01
 -6.68848e-01 -8.33414e-02 1.00656e-01 7.31822e-01
 -6.68793e-01 -8.33317e-02 1.00661e-01 7.31872e-01
 -6.68739e-01 -8.33220e-02 1.00666e-01 7.31923e-01
 -6.68684e-01 -8.33123e-02 1.00670e-01 7.31973e-01
 -6.68630e-01 -8.33026e-02 1.00675e-01 7.32023e-01
 -6.68575e-01 -8.32928e-02 1.00679e-01 7.32074e-01
 -6.68520e-01 -8.32831e-02 1.00684e-01 7.32124e-01
 -6.68466e-01 -8.32734e-02 1.00689e-01 7.32174e-01
 -6.68411e-01 -8.32637e-02 1.00693e-01 7.32225e-01
 -6.68357e-01 -8.32540e-02 1.00698e-01 7.32275e-01
 -6.68302e-01 -8.32443e-02 1.00702e-01 7.32325e-01
 -6.68247e-01 -8.32346e-02 1.00707e-01 7.32376e-01
 -6.68193e-01 -8.32249e-02 1.00712e-01 7.32426e-01
 -6.68138e-01 -8.32152e-02 1.00716e-01 7.32476e-01
 -6.68084e-01 -8.32054e-02 1.00721e-01 7.32526e-01
 -6.68029e-01 -8.31957e-02 1.00726e-01 7.32577e-01
 -6.67974e-01 -8.31860e-02 1.00730e-01 7.32627e-01
 -6.67920e-01 -8.31763e-02 1.00735e-01 7.32677e-01
 -6.67865e-01 -8.31666e-02 1.00739e-01 7.32727e-01
 -6.67811e-01 -8.31569e-02 1.00744e-01 7.32777e-01
 -6.67756e-01 -8.31472e-02 1.00749e-01 7.32828e-01
 -6.67702e-01 -8.31375e-02 1.00753e-01 7.32878e-01
 -6.67647e-01 -8.31278e-02 1.00758e-01 7.32928e-01
 -6.67592e-01 -8.31181e-02 1.00762e-01 7.32978e-01
 -6.67538e-01 -8.31084e-02 1.00767e-01 7.33028e-01
 -6.67483e-01 -8.30987e-02 1.00772e-01 7.33079e-01
 -6.67429e-01 -8.30891e-02 1.00776e-01 7.33129e-01
 -6.67374e-01 -8.30794e-02 1.00781e-01 7.33179e-01
 -6.67320e-01 -8.30697e-02 1.00785e-01 7.33229e-01
 -6.67265e-01 -8.30600e-02 1.00790e-01 7.33279e-01
 -6.67210e-01 -8.30503e-02 1.00795e-01 7.33329e-01
 -6.67156e-01 -8.30406e-02 1.00799e-01 7.33379e-01
 -6.67101e-01 -8.30309e-02 1.00804e-01 7.33430e-01
 -6.67047e-01 -8.30212e-02 1.00808e-01 7.33480e-01
 -6.66992e-01 -8.30115e-02 1.00813e-01 7.33530e-01
 -6.66938e-01 -8.30019e-02 1.00817e-01 7.33580e-01
 -6.66883e-01 -8.29922e-02 1.00822e-01 7.33630e-01
 -6.66828e-01 -8.29825e-02 1.00827e-01 7.33680e-01
 -6.66774e-01 -8.29728e-02 1.00831e-01 7.33730e-01
 -6.66719e-01 -8.29631e-02 1.00836e-01 7.33780e-01
 -6.66665e-01 -8.29535e-02 1.00840e-01 7.33830e-01
 -6.66610e-01 -8.29438e-02 1.00845e-01 7.33880e-01
 -6.66556e-01 -8.29341e-02 1.00850e-01 7.33930e-01
 -6.66501e-01 -8.29244e-02 1.00854e-01 7.33980e-01
 -6.66446e-01 -8.29148e-02 1.00859e-01 7.34030e-01
 -6.66392e-01 -8.29051e-02 1.00863e-01 7.34080e-01
 -6.66337e-01 -8.28954e-02 1.00868e-01 7.34130e-01
 -6.66283e-01 -8.28857e-02 1.00872e-01 7.34180e-01
 -6.66228e-01 -8.28761e-02 1.00877e-01 7.34230e-01
 -6.66174e-01 -8.28664e-02 1.00882e-01 7.34280e-01
 -6.66119e-01 -8.28567e-02 1.00886e-01 7.34330e-01
 -6.66064e-01 -8.28471e-02 1.00891e-01 7.34380e-01
 -6.66010e-01 -8.28374e-02 1.00895e-01 7.34430e-01
 -6.65955e-01 -8.28278e-02 1.00900e-01 7.34480e-01
 -6.65901e-01 -8.28181e-02 1.00905e-01 7.34530e-01
 -6.65846e-01 -8.28084e-02 1.00909e-01 7.34580e-01
 -6.65792e-01 -8.27988e-02 1.00914e-01 7.34630e-01
 -6.65737e-01 -8.27891e-02 1.00918e-01 7.34680e-01
 -6.65683e-01 -8.27795e-02 1.00923e-01 7.34729e-01
 -6.65628e-01 -8.27698e-02 1.00927e-01 7.34779e-01
 -6.65573e-01 -8.27601e-02 1.00932e-01 7.34829e-01
 -6.65519e-01 -8.27505e-02 1.00936e-01 7.34879e-01
 -6.65464e-01 -8.27408e-02 1.00941e-01 7.34929e-01
 -6.65410e-01 -8.27312e-02 1.00946e-01 7.34979e-01
 -6.65355e-01 -8.27215e-02 1.00950e-01 7.35029e-01
 -6.65301e-01 -8.27119e-02 1.00955e-01 7.35079e-01
 -6.65246e-01 -8.27022e-02 1.00959e-01 7.35128e-01
 -6.65192e-01 -8.26926e-02 1.00964e-01 7.35178e-01
 -6.65137e-01 -8.26829e-02 1.00968e-01 7.35228e-01
 -6.65082e-01 -8.26733e-02 1.00973e-01 7.35278e-01
 -6.65028e-01 -8.26636e-02 1.00978e-01 7.35328e-01
 -6.64973e-01 -8.26540e-02 1.00982e-01 7.35377e-01
 -6.64919e-01 -8.26444e-02 1.00987e-01 7.35427e-01
 -6.64864e-01 -8.26347e-02 1.00991e-01 7.35477e-01
 -6.64810e-01 -8.26251e-02 1.00996e-01 7.35527e-01
 -6.64755e-01 -8.26154e-02 1.01000e-01 7.35576e-01
 -6.64701e-01 -8.26058e-02 1.01005e-01 7.35626e-01
 -6.64646e-01 -8.25962e-02 1.01009e-01 7.35676e-01
 -6.64591e-01 -8.25865e-02 1.01014e-01 7.35726e-01
 -6.64537e-01 -8.25769e-02 1.01019e-01 7.35775e-01
 -6.64482e-01 -8.25673e-02 1.01023e-01 7.35825e-01
 -6.64428e-01 -8.25576e-02 1.01028e-01 7.35875e-01
 -6.64373e-01 -8.25480e-02 1.01032e-01 7.35925e-01
 -6.64319e-01 -8.25384e-02 1.01037e-01 7.35974e-01
 -6.64264e-01 -8.25288e-02 1.01041e-01 7.36024e-01
 -6.64210e-01 -8.25191e-02 1.01046e-01 7.36074e-01
 -6.64155e-01 -8.25095e-02 1.01050e-01 7.36123e-01
 -6.64101e-01 -8.24999e-02 1.01055e-01 7.36173e-01
 -6.64046e-01 -8.24902e-02 1.01059e-01 7.36223e-01
 -6.63991e-01 -8.24806e-02 1.01064e-01 7.36272e-01
 -6.63937e-01 -8.24710e-02 1.01069e-01 7.36322e-01
 -6.63882e-01 -8.24614e-02 1.01073e-01 7.36372e-01
 -6.63828e-01 -8.24518e-02 1.01078e-01 7.36421e-01
 -6.63773e-01 -8.24421e-02 1.01082e-01 7.36471e-01
 -6.63719e-01 -8.24325e-02 1.01087e-01 7.36520e-01
 -6.63664e-01 -8.24229e-02 1.01091e-01 7.36570e-01
 -6.63610e-01 -8.24133e-02 1.01096e-01 7.36620e-01
 -6.63555e-01 -8.24037e-02 1.01100e-01 7.36669e-01
 -6.63501e-01 -8.23941e-02 1.01105e-01 7.36719e-01
 -6.63446e-01 -8.23845e-02 1.01109e-01 7.36768e-01
 -6.63392e-01 -8.23749e-02 1.01114e-01 7.36818e-01
 -6.63337e-01 -8.23652e-02 1.01118e-01 7.36867e-01
 -6.63282e-01 -8.23556e-02 1.01123e-01 7.36917e-01
 -6.63228e-01 -8.23460e-02 1.01127e-01 7.36966e-01
 -6.63173e-01 -8.23364e-02 1.01132e-01 7.37016e-01
 -6.63119e-01 -8.23268e-02 1.01136e-01 7.37066e-01
 -6.63064e-01 -8.23172e-02 1.01141e-01 7.37115e-01
 -6.63010e-01 -8.23076e-02 1.01146e-01 7.37165e-01
 -6.62955e-01 -8.22980e-02 1.01150e-01 7.37214e-01
 -6.62901e-01 -8.22884e-02 1.01155e-01 7.37264e-01
 -6.62846e-01 -8.22788e-02 1.01159e-01 7.37313e-01
 -6.62792e-01 -8.22692e-02 1.01164e-01 7.37362e-01
 -6.62737e-01 -8.22596e-02 1.01168e-01 7.37412e-01
 -6.62683e-01 -8.22500e-02 1.01173e-01 7.37461e-01
 -6.62628e-01 -8.22404e-02 1.01177e-01 7.37511e-01
 -6.62574e-01 -8.22308e-02 1.01182e-01 7.37560e-01
 -6.62519e-01 -8.22212e-02 1.01186e-01 7.37610e-01
 -6.62464e-01 -8.22116e-02 1.01191e-01 7.37659e-01
 -6.62410e-01 -8.22021e-02 1.01195e-01 7.37709e-01
 -6.62355e-01 -8.21925e-02 1.01200e-01 7.37758e-01
 -6.62301e-01 -8.21829e-02 1.01204e-01 7.37807e-01
 -6.62246e-01 -8.21733e-02 1.01209e-01 7.37857e-01
 -6.62192e-01 -8.21637e-02 1.01213e-01 7.37906e-01
 -6.62137e-01 -8.21541e-02 1.01218e-01 7.37955e-01
 -6.62083e-01 -8.21445e-02 1.01222e-01 7.38005e-01
 -6.62028e-01 -8.21350e-02 1.01227e-01 7.38054e-01
 -6.61974e-01 -8.21254e-02 1.01231e-01 7.38104e-01
 -6.61919e-01 -8.21158e-02 1.01236e-01 7.38153e-01
 -6.61865e-01 -8.21062e-02 1.01240e-01 7.38202e-01
 -6.61810e-01 -8.20966e-02 1.01245e-01 7.38252e-01
 -6.61756e-01 -8.20871e-02 1.01249e-01 7.38301e-01
 -6.61701e-01 -8.20775e-02 1.01254e-01 7.38350e-01
 -6.61647e-01 -8.20679e-02 1.01258e-01 7.38399e-01
 -6.61592e-01 -8.20583e-02 1.01263e-01 7.38449e-01
 -6.61538e-01 -8.20488e-02 1.01267e-01 7.38498e-01
 -6.61483e-01 -8.20392e-02 1.01272e-01 7.38547e-01
 -6.61429e-01 -8.20296e-02 1.01276e-01 7.38597e-01
 -6.61374e-01 -8.20201e-02 1.01281e-01 7.38646e-01
 -6.61320e-01 -8.20105e-02 1.01285e-01 7.38695e-01
 -6.61265e-01 -8.20009e-02 1.01290e-01 7.38744e-01
 -6.61211e-01 -8.19914e-02 1.01294e-01 7.38794e-01
 -6.61156e-01 -8.19818e-02 1.01299e-01 7.38843e-01
 -6.61102e-01 -8.19722e-02 1.01303e-01 7.38892e-01
 -6.61047e-01 -8.19627e-02 1.01308e-01 7.38941e-01
 -6.60993e-01 -8.19531e-02 1.01312e-01 7.38990e-01
 -6.60938e-01 -8.19436e-02 1.01317e-01 7.39040e-01
 -6.60883e-01 -8.19340e-02 1.01321e-01 7.39089e-01
 -6.60829e-01 -8.19244e-02 1.01326e-01 7.39138e-01
 -6.60774e-01 -8.19149e-02 1.01330e-01 7.39187e-01
 -6.60720e-01 -8.19053e-02 1.01335e-01 7.39236e-01
 -6.60665e-01 -8.18958e-02 1.01339e-01 7.39286e-01
 -6.60611e-01 -8.18862e-02 1.01344e-01 7.39335e-01
 -6.60556e-01 -8.18767e-02 1.01348e-01 7.39384e-01
 -6.60502e-01 -8.18671e-02 1.01353e-01 7.39433e-01
 -6.60447e-01 -8.18576e-02 1.01357e-01 7.39482e-01
 -6.60393e-01 -8.18480e-02 1.01362e-01 7.39531e-01
 -6.60338e-01 -8.18385e-02 1.01366e-01 7.39580e-01
 -6.60284e-01 -8.18289e-02 1.01371e-01 7.39629e-01
 -6.60229e-01 -8.18194e-02 1.01375e-01 7.39678e-01
 -6.60175e-01 -8.18098e-02 1.01380e-01 7.39728e-01
 -6.60120e-01 -8.18003e-02 1.01384e-01 7.39777e-01
 -6.60066e-01 -8.17908e-02 1.01389e-01 7.39826e-01
 -6.60011e-01 -8.17812e-02 1.01393e-01 7.39875e-01
 -6.59957e-01 -8.17717e-02 1.01397e-01 7.39924e-01
 -6.59902e-01 -8.17621e-02 1.01402e-01 7.39973e-01
 -6.59848e-01 -8.17526e-02 1.01406e-01 7.40022e-01
 -6.59793e-01 -8.17431e-02 1.01411e-01 7.40071e-01
 -6.59739e-01 -8.17335e-02 1.01415e-01 7.40120e-01
 -6.59684e-01 -8.17240e-02 1.01420e-01 7.40169e-01
 -6.59630e-01 -8.17145e-02 1.01424e-01 7.40218e-01
 -6.59575e-01 -8.17049e-02 1.01429e-01 7.40267e-01
 -6.59521e-01 -8.16954e-02 1.01433e-01 7.40316e-01
 -6.59467e-01 -8.16859e-02 1.01438e-01 7.40365e-01
 -6.59412e-01 -8.16764e-02 1.01442e-01 7.40414e-01
 -6.59358e-01 -8.16668e-02 1.01447e-01 7.40463e-01
 -6.59303e-01 -8.16573e-02 1.01451e-01 7.40512e-01
 -6.59249e-01 -8.16478e-02 1.01456e-01 7.40561e-01
 -6.59194e-01 -8.16383e-02 1.01460e-01 7.40610e-01
 -6.59140e-01 -8.16287e-02 1.01464e-01 7.40659e-01
 -6.59085e-01 -8.16192e-02 1.01469e-01 7.40708e-01
 -6.59031e-01 -8.16097e-02 1.01473e-01 7.40756e-01
 -6.58976e-01 -8.16002e-02 1.01478e-01 7.40805e-01
 -6.58922e-01 -8.15907e-02 1.01482e-01 7.40854e-01
 -6.58867e-01 -8.15811e-02 1.01487e-01 7.40903e-01
 -6.58813e-01 -8.15716e-02 1.01491e-01 7.40952e-01
 -6.58758e-01 -8.15621e-02 1.01496e-01 7.41001e-01
 -6.58704e-01 -8.15526e-02 1.01500e-01 7.41050e-01
 -6.58649e-01 -8.15431e-02 1.01505e-01 7.41099e-01
 -6.58595e-01 -8.15336e-02 1.01509e-01 7.41148e-01
 -6.58540e-01 -8.15241e-02 1.01513e-01 7.41196e-01
 -6.58486e-01 -8.15146e-02 1.01518e-01 7.41245e-01
 -6.58431e-01 -8.15051e-02 1.01522e-01 7.41294e-01
 -6.58377e-01 -8.14956e-02 1.01527e-01 7.41343e-01
 -6.58322e-01 -8.14861e-02 1.01531e-01 7.41392e-01
 -6.58268e-01 -8.14765e-02 1.01536e-01 7.41440e-01
 -6.58213e-01 -8.14670e-02 1.01540e-01 7.41489e-01
 -6.58159e-01 -8.14575e-02 1.01545e-01 7.41538e-01
 -6.58104e-01 -8.14480e-02 1.01549e-01 7.41587e-01
 -6.58050e-01 -8.14385e-02 1.01553e-01 7.41636e-01
 -6.57996e-01 -8.14290e-02 1.01558e-01 7.41684e-01
 -6.57941e-01 -8.14196e-02 1.01562e-01 7.41733e-01
 -6.57887e-01 -8.14101e-02 1.01567e-01 7.41782e-01
 -6.57832e-01 -8.14006e-02 1.01571e-01 7.41831e-01
 -6.57778e-01 -8.13911e-02 1.01576e-01 7.41879e-01
 -6.57723e-01 -8.13816e-02 1.01580e-01 7.41928e-01
 -6.57669e-01 -8.13721e-02 1.01585e-01 7.41977e-01
 -6.57614e-01 -8.13626e-02 1.01589e-01 7.42025e-01
 -6.57560e-01 -8.13531e-02 1.01593e-01 7.42074e-01
 -6.57505e-01 -8.13436e-02 1.01598e-01 7.42123e-01
 -6.57451e-01 -8.13341e-02 1.01602e-01 7.42172e-01
 -6.57396e-01 -8.13246e-02 1.01607e-01 7.42220e-01
 -6.57342e-01 -8.13152e-02 1.01611e-01 7.42269e-01
 -6.57287e-01 -8.13057e-02 1.01616e-01 7.42318e-01
 -6.57233e-01 -8.12962e-02 1.01620e-01 7.42366e-01
 -6.57179e-01 -8.12867e-02 1.01624e-01 7.42415e-01
 -6.57124e-01 -8.12772e-02 1.01629e-01 7.42464e-01
 -6.57070e-01 -8.12678e-02 1.01633e-01 7.42512e-01
 -6.57015e-01 -8.12583e-02 1.01638e-01 7.42561e-01
 -6.56961e-01 -8.12488e-02 1.01642e-01 7.42609e-01
 -6.56906e-01 -8.12393e-02 1.01646e-01 7.42658e-01
 -6.56852e-01 -8.12299e-02 1.01651e-01 7.42707e-01
 -6.56797e-01 -8.12204e-02 1.01655e-01 7.42755e-01
 -6.56743e-01 -8.12109e-02 1.01660e-01 7.42804e-01
 -6.56688e-01 -8.12014e-02 1.01664e-01 7.42852e-01
 -6.56634e-01 -8.11920e-02 1.01669e-01 7.42901e-01
 -6.56580e-01 -8.11825e-02 1.01673e-01 7.42949e-01
 -6.56525e-01 -8.11730e-02 1.01677e-01 7.42998e-01
 -6.56471e-01 -8.11636e-02 1.01682e-01 7.43047e-01
 -6.56416e-01 -8.11541e-02 1.01686e-01 7.43095e-01
 -6.56362e-01 -8.11446e-02 1.01691e-01 7.43144e-01
 -6.56307e-01 -8.11352e-02 1.01695e-01 7.43192e-01
 -6.56253e-01 -8.11257e-02 1.01699e-01 7.43241e-01
 -6.56198e-01 -8.11163e-02 1.01704e-01 7.43289e-01
 -6.56144e-01 -8.11068e-02 1.01708e-01 7.43338e-01
 -6.56089e-01 -8.10973e-02 1.01713e-01 7.43386e-01
 -6.56035e-01 -8.10879e-02 1.01717e-01 7.43435e-01
 -6.55981e-01 -8.10784e-02 1.01722e-01 7.43483e-01
 -6.55926e-01 -8.10690e-02 1.01726e-01 7.43531e-01
 -6.55872e-01 -8.10595e-02 1.01730e-01 7.43580e-01
 -6.55817e-01 -8.10501e-02 1.01735e-01 7.43628e-01
 -6.55763e-01 -8.10406e-02 1.01739e-01 7.43677e-01
 -6.55708e-01 -8.10312e-02 1.01744e-01 7.43725e-01
 -6.55654e-01 -8.10217e-02 1.01748e-01 7.43774e-01
 -6.55599e-01 -8.10123e-02 1.01752e-01 7.43822e-01
 -6.55545e-01 -8.10028e-02 1.01757e-01 7.43870e-01
 -6.55491e-01 -8.09934e-02 1.01761e-01 7.43919e-01
 -6.55436e-01 -8.09839e-02 1.01766e-01 7.43967e-01
 -6.55382e-01 -8.09745e-02 1.01770e-01 7.44016e-01
 -6.55327e-01 -8.09651e-02 1.01774e-01 7.44064e-01
 -6.55273e-01 -8.09556e-02 1.01779e-01 7.44112e-01
 -6.55218e-01 -8.09462e-02 1.01783e-01 7.44161e-01
 -6.55164e-01 -8.09367e-02 1.01788e-01 7.44209e-01
 -6.55110e-01 -8.09273e-02 1.01792e-01 7.44257e-01
 -6.55055e-01 -8.09179e-02 1.01796e-01 7.44306e-01
 -6.55001e-01 -8.09084e-02 1.01801e-01 7.44354e-01
 -6.54946e-01 -8.08990e-02 1.01805e-01 7.44402e-01
 -6.54892e-01 -8.08896e-02 1.01809e-01 7.44451e-01
 -6.54837e-01 -8.08801e-02 1.01814e-01 7.44499e-01
 -6.54783e-01 -8.08707e-02 1.01818e-01 7.44547e-01
 -6.54729e-01 -8.08613e-02 1.01823e-01 7.44596e-01
 -6.54674e-01 -8.08519e-02 1.01827e-01 7.44644e-01
 -6.54620e-01 -8.08424e-02 1.01831e-01 7.44692e-01
 -6.54565e-01 -8.08330e-02 1.01836e-01 7.44740e-01
 -6.54511e-01 -8.08236e-02 1.01840e-01 7.44789e-01
 -6.54456e-01 -8.08142e-02 1.01845e-01 7.44837e-01
 -6.54402e-01 -8.08047e-02 1.01849e-01 7.44885e-01
 -6.54348e-01 -8.07953e-02 1.01853e-01 7.44933e-01
 -6.54293e-01 -8.07859e-02 1.01858e-01 7.44982e-01
 -6.54239e-01 -8.07765e-02 1.01862e-01 7.45030e-01
 -6.54184e-01 -8.07671e-02 1.01866e-01 7.45078e-01
 -6.54130e-01 -8.07576e-02 1.01871e-01 7.45126e-01
 -6.54075e-01 -8.07482e-02 1.01875e-01 7.45174e-01
 -6.54021e-01 -8.07388e-02 1.01880e-01 7.45223e-01
 -6.53967e-01 -8.07294e-02 1.01884e-01 7.45271e-01
 -6.53912e-01 -8.07200e-02 1.01888e-01 7.45319e-01
 -6.53858e-01 -8.07106e-02 1.01893e-01 7.45367e-01
 -6.53803e-01 -8.07012e-02 1.01897e-01 7.45415e-01
 -6.53749e-01 -8.06918e-02 1.01901e-01 7.45463e-01
 -6.53695e-01 -8.06823e-02 1.01906e-01 7.45512e-01
 -6.53640e-01 -8.06729e-02 1.01910e-01 7.45560e-01
 -6.53586e-01 -8.06635e-02 1.01914e-01 7.45608e-01
 -6.53531e-01 -8.06541e-02 1.01919e-01 7.45656e-01
 -6.53477e-01 -8.06447e-02 1.01923e-01 7.45704e-01
 -6.53423e-01 -8.06353e-02 1.01928e-01 7.45752e-01
 -6.53368e-01 -8.06259e-02 1.01932e-01 7.45800e-01
 -6.53314e-01 -8.06165e-02 1.01936e-01 7.45848e-01
 -6.53259e-01 -8.06071e-02 1.01941e-01 7.45896e-01
 -6.53205e-01 -8.05977e-02 1.01945e-01 7.45944e-01
 -6.53151e-01 -8.05883e-02 1.01949e-01 7.45992e-01
 -6.53096e-01 -8.05789e-02 1.01954e-01 7.46040e-01
 -6.53042e-01 -8.05696e-02 1.01958e-01 7.46089e-01
 -6.52987e-01 -8.05602e-02 1.01962e-01 7.46137e-01
 -6.52933e-01 -8.05508e-02 1.01967e-01 7.46185e-01
 -6.52879e-01 -8.05414e-02 1.01971e-01 7.46233e-01
 -6.52824e-01 -8.05320e-02 1.01975e-01 7.46281e-01
 -6.52770e-01 -8.05226e-02 1.01980e-01 7.46329e-01
 -6.52715e-01 -8.05132e-02 1.01984e-01 7.46377e-01
 -6.52661e-01 -8.05038e-02 1.01989e-01 7.46425e-01
 -6.52607e-01 -8.04945e-02 1.01993e-01 7.46473e-01
 -6.52552e-01 -8.04851e-02 1.01997e-01 7.46521e-01
 -6.52498e-01 -8.04757e-02 1.02002e-01 7.46568e-01
 -6.52443e-01 -8.04663e-02 1.02006e-01 7.46616e-01
 -6.52389e-01 -8.04569e-02 1.02010e-01 7.46664e-01
 -6.52335e-01 -8.04475e-02 1.02015e-01 7.46712e-01
 -6.52280e-01 -8.04382e-02 1.02019e-01 7.46760e-01
 -6.52226e-01 -8.04288e-02 1.02023e-01 7.46808e-01
 -6.52171e-01 -8.04194e-02 1.02028e-01 7.46856e-01
 -6.52117e-01 -8.04100e-02 1.02032e-01 7.46904e-01
 -6.52063e-01 -8.04007e-02 1.02036e-01 7.46952e-01
 -6.52008e-01 -8.03913e-02 1.02041e-01 7.47000e-01
 -6.51954e-01 -8.03819e-02 1.02045e-01 7.47048e-01
 -6.51900e-01 -8.03726e-02 1.02049e-01 7.47096e-01
 -6.51845e-01 -8.03632e-02 1.02054e-01 7.47143e-01
 -6.51791e-01 -8.03538e-02 1.02058e-01 7.47191e-01
 -6.51736e-01 -8.03445e-02 1.02062e-01 7.47239e-01
 -6.51682e-01 -8.03351e-02 1.02067e-01 7.47287e-01
 -6.51628e-01 -8.03257e-02 1.02071e-01 7.47335e-01
 -6.51573e-01 -8.03164e-02 1.02075e-01 7.47383e-01
 -6.51519e-01 -8.03070e-02 1.02080e-01 7.47430e-01
 -6.51464e-01 -8.02977e-02 1.02084e-01 7.47478e-01
 -6.51410e-01 -8.02883e-02 1.02088e-01 7.47526e-01
 -6.51356e-01 -8.02789e-02 1.02093e-01 7.47574e-01
 -6.51301e-01 -8.02696e-02 1.02097e-01 7.47622e-01
 -6.51247e-01 -8.02602e-02 1.02101e-01 7.47669e-01
 -6.51193e-01 -8.02509e-02 1.02106e-01 7.47717e-01
 -6.51138e-01 -8.02415e-02 1.02110e-01 7.47765e-01
 -6.51084e-01 -8.02322e-02 1.02114e-01 7.47813e-01
 -6.51029e-01 -8.02228e-02 1.02119e-01 7.47860e-01
 -6.50975e-01 -8.02135e-02 1.02123e-01 7.47908e-01
 -6.50921e-01 -8.02041e-02 1.02127e-01 7.47956e-01
 -6.50866e-01 -8.01948e-02 1.02131e-01 7.48004e-01
 -6.50812e-01 -8.01854e-02 1.02136e-01 7.48051e-01
 -6.50758e-01 -8.01761e-02 1.02140e-01 7.48099e-01
 -6.50703e-01 -8.01667e-02 1.02144e-01 7.48147e-01
 -6.50649e-01 -8.01574e-02 1.02149e-01 7.48194e-01
 -6.50595e-01 -8.01481e-02 1.02153e-01 7.48242e-01
 -6.50540e-01 -8.01387e-02 1.02157e-01 7.48290e-01
 -6.50486e-01 -8.01294e-02 1.02162e-01 7.48337e-01
 -6.50431e-01 -8.01200e-02 1.02166e-01 7.48385e-01
 -6.50377e-01 -8.01107e-02 1.02170e-01 7.48433e-01
 -6.50323e-01 -8.01014e-02 1.02175e-01 7.48480e-01
 -6.50268e-01 -8.00920e-02 1.02179e-01 7.48528e-01
 -6.50214e-01 -8.00827e-02 1.02183e-01 7.48576e-01
 -6.50160e-01 -8.00734e-02 1.02188e-01 7.48623e-01
 -6.50105e-01 -8.00640e-02 1.02192e-01 7.48671e-01
 -6.50051e-01 -8.00547e-02 1.02196e-01 7.48718e-01
 -6.49997e-01 -8.00454e-02 1.02200e-01 7.48766e-01
 -6.49942e-01 -8.00361e-02 1.02205e-01 7.48814e-01
 -6.49888e-01 -8.00267e-02 1.02209e-01 7.48861e-01
 -6.49834e-01 -8.00174e-02 1.02213e-01 7.48909e-01
 -6.49779e-01 -8.00081e-02 1.02218e-01 7.48956e-01
 -6.49725e-01 -7.99988e-02 1.02222e-01 7.49004e-01
 -6.49671e-01 -7.99894e-02 1.02226e-01 7.49051e-01
 -6.49616e-01 -7.99801e-02 1.02231e-01 7.49099e-01
 -6.49562e-01 -7.99708e-02 1.02235e-01 7.49147e-01
 -6.49508e-01 -7.99615e-02 1.02239e-01 7.49194e-01
 -6.49453e-01 -7.99522e-02 1.02243e-01 7.49242e-01
 -6.49399e-01 -7.99428e-02 1.02248e-01 7.49289e-01
 -6.49344e-01 -7.99335e-02 1.02252e-01 7.49337e-01
 -6.49290e-01 -7.99242e-02 1.02256e-01 7.49384e-01
 -6.49236e-01 -7.99149e-02 1.02261e-01 7.49432e-01
 -6.49181e-01 -7.99056e-02 1.02265e-01 7.49479e-01
 -6.49127e-01 -7.98963e-02 1.02269e-01 7.49527e-01
 -6.49073e-01 -7.98870e-02 1.02273e-01 7.49574e-01
 -6.49018e-01 -7.98777e-02 1.02278e-01 7.49621e-01
 -6.48964e-01 -7.98684e-02 1.02282e-01 7.49669e-01
 -6.48910e-01 -7.98591e-02 1.02286e-01 7.49716e-01
 -6.48855e-01 -7.98498e-02 1.02291e-01 7.49764e-01
 -6.48801e-01 -7.98405e-02 1.02295e-01 7.49811e-01
 -6.48747e-01 -7.98311e-02 1.02299e-01 7.49859e-01
 -6.48692e-01 -7.98218e-02 1.02303e-01 7.49906e-01
 -6.48638e-01 -7.98125e-02 1.02308e-01 7.49953e-01
 -6.48584e-01 -7.98033e-02 1.02312e-01 7.50001e-01
 -6.48529e-01 -7.97940e-02 1.02316e-01 7.50048e-01
 -6.48475e-01 -7.97847e-02 1.02321e-01 7.50096e-01
 -6.48421e-01 -7.97754e-02 1.02325e-01 7.50143e-01
 -6.48367e-01 -7.97661e-02 1.02329e-01 7.50190e-01
 -6.48312e-01 -7.97568e-02 1.02333e-01 7.50238e-01
 -6.48258e-01 -7.97475e-02 1.02338e-01 7.50285e-01
 -6.48204e-01 -7.97382e-02 1.02342e-01 7.50332e-01
 -6.48149e-01 -7.97289e-02 1.02346e-01 7.50380e-01
 -6.48095e-01 -7.97196e-02 1.02350e-01 7.50427e-01
 -6.48041e-01 -7.97103e-02 1.02355e-01 7.50474e-01
 -6.47986e-01 -7.97010e-02 1.02359e-01 7.50522e-01
 -6.47932e-01 -7.96918e-02 1.02363e-01 7.50569e-01
 -6.47878e-01 -7.96825e-02 1.02367e-01 7.50616e-01
 -6.47823e-01 -7.96732e-02 1.02372e-01 7.50663e-01
 -6.47769e-01 -7.96639e-02 1.02376e-01 7.50711e-01


SCAN_DURATION 9.19928e+01
INT_TIME 3.52017e-03

ALONG_SCAN_PIXEL_SIZE  7.00000e-03
CROSS_SCAN_PIXEL_SIZE  7.00000e-03

CENTER_GP -9.76327e-02 -1.33743e+00 0.00000e+00
SENSOR_POSITION -9.89120e-02 -1.33301e+00 6.73737e+05
MOUNTING_ANGLES 0.00000e+00 0.00000e+00 0.00000e+00

TOTAL_LINES 26133
TOTAL_SAMPLES 5176




IKCODE  -41215
ISIS_Z_DIRECTION  1.00000e+00
OPTICAL_DIST_COEF 0.00000e+00 0.00000e+00 0.00000e+00
ITRANSS 4.83755e+00 -1.42857e+02 -8.57704e-03
ITRANSL 7.85714e-01 -8.57704e-03 1.42857e+02
DETECTOR_SAMPLE_ORIGIN 2.59250e+03
DETECTOR_LINE_ORIGIN 0.00000e+00
DETECTOR_LINE_OFFSET  0.00000e+00
DETECTOR_SAMPLE_SUMMING  1.00000e+00
STARTING_SAMPLE 1.00000e+00
STARTING_LINE 1.00000e+00
STARTING_EPHEMERIS_TIME 1.58030e+08
CENTER_EPHEMERIS_TIME 1.58030e+08
