RECTIFICATION_TERMS
        1.09695e+04 0.00000e+00 1.00000e+00
        2.58800e+03 1.00000e+00 0.00000e+00
GROUND_ZERO 8.90145e-02 -8.17809e-01 0.00000e+00
LOAD_PT 8.90145e-02 -8.17809e-01 0.00000e+00
COORD_SYSTEM 1
IMAGE_MOTION 0
SENSOR_TYPE USGSAstroLineScannerKLEv
SENSOR_MODE UNKNOWN
FOCAL 1.75010e+02
ATMCO 0.00000e+00 0.00000e+00 0.00000e+00 0.00000e+00
IOCOEF_LINE 1.09695e+04 1.42857e+02 0.00000e+00 0.00000e+00 0.00000e+00 0.00000e+00 0.00000e+00 0.00000e+00 0.00000e+00 0.00000e+00
IOCOEF_SAMPLE 2.58800e+03 0.00000e+00 1.42857e+02 0.00000e+00 0.00000e+00 0.00000e+00 0.00000e+00 0.00000e+00 0.00000e+00 0.00000e+00
ABERR    0
ATMREF   0
PLATFORM   1
SOURCE_FLAG  1
SINGLE_EPHEMERIDE  0
TRI_PARAMETERS
0.00000e+00 0.00000e+00 0.00000e+00 0.00000e+00 0.00000e+00 0.00000e+00 0.00000e+00 0.00000e+00 0.00000e+00 0.00000e+00 0.00000e+00 0.00000e+00 0.00000e+00 0.00000e+00 0.00000e+00 1.75010e+02 0.00000e+00 0.00000e+00
T_CENTER  2.23648e-03
DT_EPHEM  1.93639e+00
T0_EPHEM  -6.77716e+01
NUMBER_OF_EPHEM   71
EPHEM_PTS
 2.62450e+06 -2.82068e+06 6.15448e+05
 2.62415e+06 -2.82039e+06 6.07492e+05
 2.62380e+06 -2.82009e+06 5.99535e+05
 2.62344e+06 -2.81979e+06 5.91577e+05
 2.62308e+06 -2.81948e+06 5.83616e+05
 2.62271e+06 -2.81916e+06 5.75654e+05
 2.62233e+06 -2.81883e+06 5.67691e+05
 2.62194e+06 -2.81849e+06 5.59726e+05
 2.62155e+06 -2.81815e+06 5.51759e+05
 2.62115e+06 -2.81780e+06 5.43791e+05
 2.62074e+06 -2.81744e+06 5.35822e+05
 2.62033e+06 -2.81707e+06 5.27851e+05
 2.61991e+06 -2.81670e+06 5.19878e+05
 2.61948e+06 -2.81631e+06 5.11904e+05
 2.61904e+06 -2.81592e+06 5.03929e+05
 2.61860e+06 -2.81552e+06 4.95952e+05
 2.61815e+06 -2.81512e+06 4.87974e+05
 2.61769e+06 -2.81470e+06 4.79995e+05
 2.61723e+06 -2.81428e+06 4.72014e+05
 2.61676e+06 -2.81385e+06 4.64032e+05
 2.61628e+06 -2.81342e+06 4.56048e+05
 2.61579e+06 -2.81297e+06 4.48064e+05
 2.61530e+06 -2.81252e+06 4.40078e+05
 2.61480e+06 -2.81206e+06 4.32090e+05
 2.61430e+06 -2.81159e+06 4.24102e+05
 2.61378e+06 -2.81111e+06 4.16113e+05
 2.61326e+06 -2.81062e+06 4.08122e+05
 2.61273e+06 -2.81013e+06 4.00130e+05
 2.61220e+06 -2.80963e+06 3.92137e+05
 2.61166e+06 -2.80912e+06 3.84143e+05
 2.61111e+06 -2.80860e+06 3.76148e+05
 2.61055e+06 -2.80808e+06 3.68151e+05
 2.60999e+06 -2.80755e+06 3.60154e+05
 2.60942e+06 -2.80700e+06 3.52156e+05
 2.60884e+06 -2.80646e+06 3.44156e+05
 2.60825e+06 -2.80590e+06 3.36156e+05
 2.60766e+06 -2.80533e+06 3.28155e+05
 2.60706e+06 -2.80476e+06 3.20153e+05
 2.60646e+06 -2.80418e+06 3.12149e+05
 2.60584e+06 -2.80359e+06 3.04145e+05
 2.60522e+06 -2.80299e+06 2.96141e+05
 2.60459e+06 -2.80239e+06 2.88135e+05
 2.60396e+06 -2.80177e+06 2.80128e+05
 2.60331e+06 -2.80115e+06 2.72121e+05
 2.60266e+06 -2.80052e+06 2.64113e+05
 2.60201e+06 -2.79988e+06 2.56104e+05
 2.60134e+06 -2.79924e+06 2.48094e+05
 2.60067e+06 -2.79858e+06 2.40084e+05
 2.59999e+06 -2.79792e+06 2.32073e+05
 2.59931e+06 -2.79725e+06 2.24061e+05
 2.59861e+06 -2.79657e+06 2.16049e+05
 2.59791e+06 -2.79588e+06 2.08036e+05
 2.59720e+06 -2.79519e+06 2.00022e+05
 2.59649e+06 -2.79448e+06 1.92008e+05
 2.59577e+06 -2.79377e+06 1.83993e+05
 2.59504e+06 -2.79305e+06 1.75978e+05
 2.59430e+06 -2.79232e+06 1.67962e+05
 2.59356e+06 -2.79159e+06 1.59946e+05
 2.59281e+06 -2.79084e+06 1.51930e+05
 2.59205e+06 -2.79009e+06 1.43912e+05
 2.59128e+06 -2.78933e+06 1.35895e+05
 2.59051e+06 -2.78856e+06 1.27877e+05
 2.58973e+06 -2.78778e+06 1.19858e+05
 2.58894e+06 -2.78700e+06 1.11840e+05
 2.58814e+06 -2.78620e+06 1.03821e+05
 2.58734e+06 -2.78540e+06 9.58018e+04
 2.58653e+06 -2.78459e+06 8.77822e+04
 2.58572e+06 -2.78377e+06 7.97624e+04
 2.58489e+06 -2.78294e+06 7.17423e+04
 2.58406e+06 -2.78211e+06 6.37219e+04
 2.58322e+06 -2.78126e+06 5.57014e+04


EPHEM_RATES
 -1.75944e+02 1.47590e+02 -4.10790e+03
 -1.79552e+02 1.51558e+02 -4.10876e+03
 -1.83163e+02 1.55533e+02 -4.10961e+03
 -1.86778e+02 1.59513e+02 -4.11045e+03
 -1.90396e+02 1.63500e+02 -4.11128e+03
 -1.94017e+02 1.67491e+02 -4.11210e+03
 -1.97641e+02 1.71489e+02 -4.11290e+03
 -2.01268e+02 1.75492e+02 -4.11370e+03
 -2.04898e+02 1.79500e+02 -4.11449e+03
 -2.08532e+02 1.83515e+02 -4.11527e+03
 -2.12168e+02 1.87535e+02 -4.11604e+03
 -2.15808e+02 1.91560e+02 -4.11680e+03
 -2.19450e+02 1.95591e+02 -4.11754e+03
 -2.23096e+02 1.99628e+02 -4.11828e+03
 -2.26745e+02 2.03670e+02 -4.11901e+03
 -2.30396e+02 2.07717e+02 -4.11972e+03
 -2.34051e+02 2.11770e+02 -4.12043e+03
 -2.37708e+02 2.15829e+02 -4.12112e+03
 -2.41368e+02 2.19893e+02 -4.12181e+03
 -2.45032e+02 2.23962e+02 -4.12248e+03
 -2.48698e+02 2.28037e+02 -4.12314e+03
 -2.52367e+02 2.32117e+02 -4.12380e+03
 -2.56038e+02 2.36203e+02 -4.12444e+03
 -2.59713e+02 2.40293e+02 -4.12507e+03
 -2.63390e+02 2.44389e+02 -4.12569e+03
 -2.67070e+02 2.48491e+02 -4.12630e+03
 -2.70753e+02 2.52598e+02 -4.12689e+03
 -2.74439e+02 2.56710e+02 -4.12748e+03
 -2.78127e+02 2.60827e+02 -4.12806e+03
 -2.81818e+02 2.64949e+02 -4.12862e+03
 -2.85512e+02 2.69077e+02 -4.12918e+03
 -2.89208e+02 2.73209e+02 -4.12972e+03
 -2.92907e+02 2.77347e+02 -4.13025e+03
 -2.96608e+02 2.81490e+02 -4.13078e+03
 -3.00312e+02 2.85638e+02 -4.13129e+03
 -3.04019e+02 2.89791e+02 -4.13178e+03
 -3.07728e+02 2.93950e+02 -4.13227e+03
 -3.11439e+02 2.98113e+02 -4.13275e+03
 -3.15153e+02 3.02281e+02 -4.13321e+03
 -3.18869e+02 3.06454e+02 -4.13367e+03
 -3.22588e+02 3.10632e+02 -4.13411e+03
 -3.26310e+02 3.14816e+02 -4.13454e+03
 -3.30033e+02 3.19003e+02 -4.13496e+03
 -3.33759e+02 3.23196e+02 -4.13537e+03
 -3.37487e+02 3.27394e+02 -4.13577e+03
 -3.41218e+02 3.31597e+02 -4.13616e+03
 -3.44951e+02 3.35804e+02 -4.13653e+03
 -3.48686e+02 3.40016e+02 -4.13689e+03
 -3.52423e+02 3.44233e+02 -4.13725e+03
 -3.56163e+02 3.48455e+02 -4.13759e+03
 -3.59904e+02 3.52681e+02 -4.13791e+03
 -3.63648e+02 3.56912e+02 -4.13823e+03
 -3.67394e+02 3.61148e+02 -4.13854e+03
 -3.71142e+02 3.65388e+02 -4.13883e+03
 -3.74892e+02 3.69633e+02 -4.13911e+03
 -3.78644e+02 3.73883e+02 -4.13938e+03
 -3.82399e+02 3.78137e+02 -4.13964e+03
 -3.86155e+02 3.82396e+02 -4.13989e+03
 -3.89913e+02 3.86659e+02 -4.14012e+03
 -3.93673e+02 3.90926e+02 -4.14035e+03
 -3.97435e+02 3.95199e+02 -4.14056e+03
 -4.01199e+02 3.99475e+02 -4.14076e+03
 -4.04965e+02 4.03756e+02 -4.14094e+03
 -4.08733e+02 4.08041e+02 -4.14112e+03
 -4.12502e+02 4.12331e+02 -4.14128e+03
 -4.16273e+02 4.16625e+02 -4.14143e+03
 -4.20046e+02 4.20923e+02 -4.14157e+03
 -4.23821e+02 4.25226e+02 -4.14170e+03
 -4.27597e+02 4.29532e+02 -4.14182e+03
 -4.31375e+02 4.33843e+02 -4.14192e+03
 -4.35155e+02 4.38158e+02 -4.14201e+03


DT_QUAT 2.07907e-01
T0_QUAT -5.13510e+01
NUMBER_OF_QUATERNIONS  495
QUATERNIONS
 -7.06162e-01 -2.64771e-01 2.32684e-01 6.14075e-01
 -7.06097e-01 -2.64742e-01 2.32711e-01 6.14152e-01
 -7.06033e-01 -2.64712e-01 2.32737e-01 6.14229e-01
 -7.05968e-01 -2.64682e-01 2.32763e-01 6.14306e-01
 -7.05904e-01 -2.64653e-01 2.32790e-01 6.14383e-01
 -7.05839e-01 -2.64623e-01 2.32816e-01 6.14460e-01
 -7.05774e-01 -2.64594e-01 2.32842e-01 6.14537e-01
 -7.05710e-01 -2.64564e-01 2.32868e-01 6.14614e-01
 -7.05645e-01 -2.64534e-01 2.32895e-01 6.14691e-01
 -7.05580e-01 -2.64505e-01 2.32921e-01 6.14768e-01
 -7.05516e-01 -2.64475e-01 2.32947e-01 6.14845e-01
 -7.05451e-01 -2.64445e-01 2.32974e-01 6.14922e-01
 -7.05386e-01 -2.64416e-01 2.33000e-01 6.14999e-01
 -7.05322e-01 -2.64386e-01 2.33026e-01 6.15076e-01
 -7.05257e-01 -2.64356e-01 2.33052e-01 6.15153e-01
 -7.05192e-01 -2.64327e-01 2.33079e-01 6.15230e-01
 -7.05127e-01 -2.64297e-01 2.33105e-01 6.15307e-01
 -7.05062e-01 -2.64267e-01 2.33131e-01 6.15384e-01
 -7.04998e-01 -2.64238e-01 2.33158e-01 6.15461e-01
 -7.04933e-01 -2.64208e-01 2.33184e-01 6.15538e-01
 -7.04868e-01 -2.64178e-01 2.33210e-01 6.15615e-01
 -7.04803e-01 -2.64149e-01 2.33236e-01 6.15692e-01
 -7.04738e-01 -2.64119e-01 2.33263e-01 6.15769e-01
 -7.04673e-01 -2.64089e-01 2.33289e-01 6.15846e-01
 -7.04609e-01 -2.64059e-01 2.33315e-01 6.15923e-01
 -7.04544e-01 -2.64030e-01 2.33342e-01 6.16000e-01
 -7.04479e-01 -2.64000e-01 2.33368e-01 6.16077e-01
 -7.04414e-01 -2.63970e-01 2.33394e-01 6.16154e-01
 -7.04349e-01 -2.63940e-01 2.33420e-01 6.16232e-01
 -7.04284e-01 -2.63911e-01 2.33447e-01 6.16309e-01
 -7.04219e-01 -2.63881e-01 2.33473e-01 6.16386e-01
 -7.04154e-01 -2.63851e-01 2.33499e-01 6.16463e-01
 -7.04089e-01 -2.63821e-01 2.33525e-01 6.16540e-01
 -7.04024e-01 -2.63792e-01 2.33552e-01 6.16617e-01
 -7.03959e-01 -2.63762e-01 2.33578e-01 6.16694e-01
 -7.03894e-01 -2.63732e-01 2.33604e-01 6.16771e-01
 -7.03829e-01 -2.63702e-01 2.33630e-01 6.16848e-01
 -7.03764e-01 -2.63672e-01 2.33657e-01 6.16925e-01
 -7.03699e-01 -2.63643e-01 2.33683e-01 6.17002e-01
 -7.03634e-01 -2.63613e-01 2.33709e-01 6.17079e-01
 -7.03568e-01 -2.63583e-01 2.33735e-01 6.17156e-01
 -7.03503e-01 -2.63553e-01 2.33761e-01 6.17233e-01
 -7.03438e-01 -2.63523e-01 2.33788e-01 6.17310e-01
 -7.03373e-01 -2.63493e-01 2.33814e-01 6.17387e-01
 -7.03308e-01 -2.63464e-01 2.33840e-01 6.17464e-01
 -7.03243e-01 -2.63434e-01 2.33866e-01 6.17541e-01
 -7.03177e-01 -2.63404e-01 2.33893e-01 6.17618e-01
 -7.03112e-01 -2.63374e-01 2.33919e-01 6.17695e-01
 -7.03047e-01 -2.63344e-01 2.33945e-01 6.17772e-01
 -7.02982e-01 -2.63314e-01 2.33971e-01 6.17849e-01
 -7.02917e-01 -2.63284e-01 2.33997e-01 6.17926e-01
 -7.02851e-01 -2.63254e-01 2.34024e-01 6.18003e-01
 -7.02786e-01 -2.63225e-01 2.34050e-01 6.18080e-01
 -7.02721e-01 -2.63195e-01 2.34076e-01 6.18157e-01
 -7.02655e-01 -2.63165e-01 2.34102e-01 6.18235e-01
 -7.02590e-01 -2.63135e-01 2.34129e-01 6.18312e-01
 -7.02525e-01 -2.63105e-01 2.34155e-01 6.18389e-01
 -7.02459e-01 -2.63075e-01 2.34181e-01 6.18466e-01
 -7.02394e-01 -2.63045e-01 2.34207e-01 6.18543e-01
 -7.02329e-01 -2.63015e-01 2.34233e-01 6.18620e-01
 -7.02263e-01 -2.62985e-01 2.34260e-01 6.18697e-01
 -7.02198e-01 -2.62955e-01 2.34286e-01 6.18774e-01
 -7.02132e-01 -2.62925e-01 2.34312e-01 6.18851e-01
 -7.02067e-01 -2.62895e-01 2.34338e-01 6.18928e-01
 -7.02002e-01 -2.62865e-01 2.34364e-01 6.19005e-01
 -7.01936e-01 -2.62835e-01 2.34391e-01 6.19082e-01
 -7.01871e-01 -2.62805e-01 2.34417e-01 6.19159e-01
 -7.01805e-01 -2.62775e-01 2.34443e-01 6.19236e-01
 -7.01740e-01 -2.62745e-01 2.34469e-01 6.19313e-01
 -7.01674e-01 -2.62715e-01 2.34495e-01 6.19390e-01
 -7.01609e-01 -2.62685e-01 2.34521e-01 6.19467e-01
 -7.01543e-01 -2.62655e-01 2.34548e-01 6.19544e-01
 -7.01477e-01 -2.62625e-01 2.34574e-01 6.19621e-01
 -7.01412e-01 -2.62595e-01 2.34600e-01 6.19698e-01
 -7.01346e-01 -2.62565e-01 2.34626e-01 6.19775e-01
 -7.01281e-01 -2.62535e-01 2.34652e-01 6.19853e-01
 -7.01215e-01 -2.62505e-01 2.34678e-01 6.19930e-01
 -7.01149e-01 -2.62475e-01 2.34705e-01 6.20007e-01
 -7.01084e-01 -2.62445e-01 2.34731e-01 6.20084e-01
 -7.01018e-01 -2.62415e-01 2.34757e-01 6.20161e-01
 -7.00952e-01 -2.62385e-01 2.34783e-01 6.20238e-01
 -7.00887e-01 -2.62355e-01 2.34809e-01 6.20315e-01
 -7.00821e-01 -2.62325e-01 2.34835e-01 6.20392e-01
 -7.00755e-01 -2.62295e-01 2.34862e-01 6.20469e-01
 -7.00690e-01 -2.62265e-01 2.34888e-01 6.20546e-01
 -7.00624e-01 -2.62235e-01 2.34914e-01 6.20623e-01
 -7.00558e-01 -2.62204e-01 2.34940e-01 6.20700e-01
 -7.00492e-01 -2.62174e-01 2.34966e-01 6.20777e-01
 -7.00427e-01 -2.62144e-01 2.34992e-01 6.20854e-01
 -7.00361e-01 -2.62114e-01 2.35018e-01 6.20931e-01
 -7.00295e-01 -2.62084e-01 2.35045e-01 6.21008e-01
 -7.00229e-01 -2.62054e-01 2.35071e-01 6.21085e-01
 -7.00163e-01 -2.62024e-01 2.35097e-01 6.21162e-01
 -7.00097e-01 -2.61994e-01 2.35123e-01 6.21239e-01
 -7.00032e-01 -2.61963e-01 2.35149e-01 6.21316e-01
 -6.99966e-01 -2.61933e-01 2.35175e-01 6.21393e-01
 -6.99900e-01 -2.61903e-01 2.35201e-01 6.21471e-01
 -6.99834e-01 -2.61873e-01 2.35227e-01 6.21548e-01
 -6.99768e-01 -2.61843e-01 2.35254e-01 6.21625e-01
 -6.99702e-01 -2.61812e-01 2.35280e-01 6.21702e-01
 -6.99636e-01 -2.61782e-01 2.35306e-01 6.21779e-01
 -6.99570e-01 -2.61752e-01 2.35332e-01 6.21856e-01
 -6.99504e-01 -2.61722e-01 2.35358e-01 6.21933e-01
 -6.99438e-01 -2.61692e-01 2.35384e-01 6.22010e-01
 -6.99372e-01 -2.61661e-01 2.35410e-01 6.22087e-01
 -6.99306e-01 -2.61631e-01 2.35436e-01 6.22164e-01
 -6.99240e-01 -2.61601e-01 2.35462e-01 6.22241e-01
 -6.99174e-01 -2.61571e-01 2.35489e-01 6.22318e-01
 -6.99108e-01 -2.61541e-01 2.35515e-01 6.22395e-01
 -6.99042e-01 -2.61510e-01 2.35541e-01 6.22472e-01
 -6.98976e-01 -2.61480e-01 2.35567e-01 6.22549e-01
 -6.98910e-01 -2.61450e-01 2.35593e-01 6.22626e-01
 -6.98844e-01 -2.61420e-01 2.35619e-01 6.22703e-01
 -6.98777e-01 -2.61389e-01 2.35645e-01 6.22780e-01
 -6.98711e-01 -2.61359e-01 2.35671e-01 6.22857e-01
 -6.98645e-01 -2.61329e-01 2.35697e-01 6.22934e-01
 -6.98579e-01 -2.61298e-01 2.35723e-01 6.23012e-01
 -6.98513e-01 -2.61268e-01 2.35749e-01 6.23089e-01
 -6.98446e-01 -2.61238e-01 2.35776e-01 6.23166e-01
 -6.98380e-01 -2.61208e-01 2.35802e-01 6.23243e-01
 -6.98314e-01 -2.61177e-01 2.35828e-01 6.23320e-01
 -6.98248e-01 -2.61147e-01 2.35854e-01 6.23397e-01
 -6.98182e-01 -2.61117e-01 2.35880e-01 6.23474e-01
 -6.98115e-01 -2.61086e-01 2.35906e-01 6.23551e-01
 -6.98049e-01 -2.61056e-01 2.35932e-01 6.23628e-01
 -6.97983e-01 -2.61026e-01 2.35958e-01 6.23705e-01
 -6.97916e-01 -2.60995e-01 2.35984e-01 6.23782e-01
 -6.97850e-01 -2.60965e-01 2.36010e-01 6.23859e-01
 -6.97784e-01 -2.60934e-01 2.36036e-01 6.23936e-01
 -6.97717e-01 -2.60904e-01 2.36062e-01 6.24013e-01
 -6.97651e-01 -2.60874e-01 2.36088e-01 6.24090e-01
 -6.97584e-01 -2.60843e-01 2.36114e-01 6.24167e-01
 -6.97518e-01 -2.60813e-01 2.36140e-01 6.24244e-01
 -6.97452e-01 -2.60783e-01 2.36166e-01 6.24321e-01
 -6.97385e-01 -2.60752e-01 2.36193e-01 6.24398e-01
 -6.97319e-01 -2.60722e-01 2.36219e-01 6.24475e-01
 -6.97252e-01 -2.60691e-01 2.36245e-01 6.24553e-01
 -6.97186e-01 -2.60661e-01 2.36271e-01 6.24630e-01
 -6.97119e-01 -2.60631e-01 2.36297e-01 6.24707e-01
 -6.97053e-01 -2.60600e-01 2.36323e-01 6.24784e-01
 -6.96986e-01 -2.60570e-01 2.36349e-01 6.24861e-01
 -6.96920e-01 -2.60539e-01 2.36375e-01 6.24938e-01
 -6.96853e-01 -2.60509e-01 2.36401e-01 6.25015e-01
 -6.96787e-01 -2.60478e-01 2.36427e-01 6.25092e-01
 -6.96720e-01 -2.60448e-01 2.36453e-01 6.25169e-01
 -6.96654e-01 -2.60417e-01 2.36479e-01 6.25246e-01
 -6.96587e-01 -2.60387e-01 2.36505e-01 6.25323e-01
 -6.96520e-01 -2.60356e-01 2.36531e-01 6.25400e-01
 -6.96454e-01 -2.60326e-01 2.36557e-01 6.25477e-01
 -6.96387e-01 -2.60295e-01 2.36583e-01 6.25554e-01
 -6.96320e-01 -2.60265e-01 2.36609e-01 6.25631e-01
 -6.96254e-01 -2.60234e-01 2.36635e-01 6.25708e-01
 -6.96187e-01 -2.60204e-01 2.36661e-01 6.25785e-01
 -6.96120e-01 -2.60173e-01 2.36687e-01 6.25862e-01
 -6.96054e-01 -2.60143e-01 2.36713e-01 6.25939e-01
 -6.95987e-01 -2.60112e-01 2.36739e-01 6.26016e-01
 -6.95920e-01 -2.60082e-01 2.36765e-01 6.26093e-01
 -6.95853e-01 -2.60051e-01 2.36791e-01 6.26171e-01
 -6.95787e-01 -2.60021e-01 2.36817e-01 6.26248e-01
 -6.95720e-01 -2.59990e-01 2.36843e-01 6.26325e-01
 -6.95653e-01 -2.59960e-01 2.36869e-01 6.26402e-01
 -6.95586e-01 -2.59929e-01 2.36895e-01 6.26479e-01
 -6.95519e-01 -2.59899e-01 2.36921e-01 6.26556e-01
 -6.95453e-01 -2.59868e-01 2.36947e-01 6.26633e-01
 -6.95386e-01 -2.59837e-01 2.36973e-01 6.26710e-01
 -6.95319e-01 -2.59807e-01 2.36999e-01 6.26787e-01
 -6.95252e-01 -2.59776e-01 2.37025e-01 6.26864e-01
 -6.95185e-01 -2.59746e-01 2.37051e-01 6.26941e-01
 -6.95118e-01 -2.59715e-01 2.37077e-01 6.27018e-01
 -6.95051e-01 -2.59684e-01 2.37103e-01 6.27095e-01
 -6.94984e-01 -2.59654e-01 2.37129e-01 6.27172e-01
 -6.94917e-01 -2.59623e-01 2.37155e-01 6.27249e-01
 -6.94850e-01 -2.59593e-01 2.37181e-01 6.27326e-01
 -6.94783e-01 -2.59562e-01 2.37207e-01 6.27403e-01
 -6.94716e-01 -2.59531e-01 2.37233e-01 6.27480e-01
 -6.94649e-01 -2.59501e-01 2.37259e-01 6.27557e-01
 -6.94582e-01 -2.59470e-01 2.37285e-01 6.27634e-01
 -6.94515e-01 -2.59439e-01 2.37311e-01 6.27711e-01
 -6.94448e-01 -2.59409e-01 2.37337e-01 6.27788e-01
 -6.94381e-01 -2.59378e-01 2.37362e-01 6.27865e-01
 -6.94314e-01 -2.59347e-01 2.37388e-01 6.27942e-01
 -6.94247e-01 -2.59317e-01 2.37414e-01 6.28020e-01
 -6.94180e-01 -2.59286e-01 2.37440e-01 6.28097e-01
 -6.94113e-01 -2.59255e-01 2.37466e-01 6.28174e-01
 -6.94046e-01 -2.59224e-01 2.37492e-01 6.28251e-01
 -6.93979e-01 -2.59194e-01 2.37518e-01 6.28328e-01
 -6.93911e-01 -2.59163e-01 2.37544e-01 6.28405e-01
 -6.93844e-01 -2.59132e-01 2.37570e-01 6.28482e-01
 -6.93777e-01 -2.59102e-01 2.37596e-01 6.28559e-01
 -6.93710e-01 -2.59071e-01 2.37622e-01 6.28636e-01
 -6.93643e-01 -2.59040e-01 2.37648e-01 6.28713e-01
 -6.93575e-01 -2.59009e-01 2.37674e-01 6.28790e-01
 -6.93508e-01 -2.58979e-01 2.37700e-01 6.28867e-01
 -6.93441e-01 -2.58948e-01 2.37726e-01 6.28944e-01
 -6.93374e-01 -2.58917e-01 2.37752e-01 6.29021e-01
 -6.93306e-01 -2.58886e-01 2.37777e-01 6.29098e-01
 -6.93239e-01 -2.58856e-01 2.37803e-01 6.29175e-01
 -6.93172e-01 -2.58825e-01 2.37829e-01 6.29252e-01
 -6.93104e-01 -2.58794e-01 2.37855e-01 6.29329e-01
 -6.93037e-01 -2.58763e-01 2.37881e-01 6.29406e-01
 -6.92970e-01 -2.58732e-01 2.37907e-01 6.29483e-01
 -6.92902e-01 -2.58702e-01 2.37933e-01 6.29560e-01
 -6.92835e-01 -2.58671e-01 2.37959e-01 6.29637e-01
 -6.92767e-01 -2.58640e-01 2.37985e-01 6.29714e-01
 -6.92700e-01 -2.58609e-01 2.38011e-01 6.29791e-01
 -6.92633e-01 -2.58578e-01 2.38037e-01 6.29868e-01
 -6.92565e-01 -2.58547e-01 2.38062e-01 6.29945e-01
 -6.92498e-01 -2.58517e-01 2.38088e-01 6.30022e-01
 -6.92430e-01 -2.58486e-01 2.38114e-01 6.30099e-01
 -6.92363e-01 -2.58455e-01 2.38140e-01 6.30176e-01
 -6.92295e-01 -2.58424e-01 2.38166e-01 6.30253e-01
 -6.92228e-01 -2.58393e-01 2.38192e-01 6.30330e-01
 -6.92160e-01 -2.58362e-01 2.38218e-01 6.30408e-01
 -6.92093e-01 -2.58331e-01 2.38244e-01 6.30485e-01
 -6.92025e-01 -2.58300e-01 2.38270e-01 6.30562e-01
 -6.91958e-01 -2.58270e-01 2.38295e-01 6.30639e-01
 -6.91890e-01 -2.58239e-01 2.38321e-01 6.30716e-01
 -6.91822e-01 -2.58208e-01 2.38347e-01 6.30793e-01
 -6.91755e-01 -2.58177e-01 2.38373e-01 6.30870e-01
 -6.91687e-01 -2.58146e-01 2.38399e-01 6.30947e-01
 -6.91620e-01 -2.58115e-01 2.38425e-01 6.31024e-01
 -6.91552e-01 -2.58084e-01 2.38451e-01 6.31101e-01
 -6.91484e-01 -2.58053e-01 2.38476e-01 6.31178e-01
 -6.91417e-01 -2.58022e-01 2.38502e-01 6.31255e-01
 -6.91349e-01 -2.57991e-01 2.38528e-01 6.31332e-01
 -6.91281e-01 -2.57960e-01 2.38554e-01 6.31409e-01
 -6.91213e-01 -2.57929e-01 2.38580e-01 6.31486e-01
 -6.91146e-01 -2.57898e-01 2.38606e-01 6.31563e-01
 -6.91078e-01 -2.57867e-01 2.38632e-01 6.31640e-01
 -6.91010e-01 -2.57836e-01 2.38657e-01 6.31717e-01
 -6.90942e-01 -2.57805e-01 2.38683e-01 6.31794e-01
 -6.90875e-01 -2.57774e-01 2.38709e-01 6.31871e-01
 -6.90807e-01 -2.57743e-01 2.38735e-01 6.31948e-01
 -6.90739e-01 -2.57712e-01 2.38761e-01 6.32025e-01
 -6.90671e-01 -2.57681e-01 2.38787e-01 6.32102e-01
 -6.90603e-01 -2.57650e-01 2.38812e-01 6.32179e-01
 -6.90535e-01 -2.57619e-01 2.38838e-01 6.32256e-01
 -6.90467e-01 -2.57588e-01 2.38864e-01 6.32333e-01
 -6.90400e-01 -2.57557e-01 2.38890e-01 6.32410e-01
 -6.90332e-01 -2.57526e-01 2.38916e-01 6.32487e-01
 -6.90264e-01 -2.57495e-01 2.38942e-01 6.32564e-01
 -6.90196e-01 -2.57464e-01 2.38967e-01 6.32641e-01
 -6.90128e-01 -2.57433e-01 2.38993e-01 6.32718e-01
 -6.90060e-01 -2.57402e-01 2.39019e-01 6.32795e-01
 -6.89992e-01 -2.57371e-01 2.39045e-01 6.32872e-01
 -6.89924e-01 -2.57340e-01 2.39071e-01 6.32949e-01
 -6.89856e-01 -2.57309e-01 2.39097e-01 6.33026e-01
 -6.89788e-01 -2.57278e-01 2.39122e-01 6.33103e-01
 -6.89720e-01 -2.57247e-01 2.39148e-01 6.33180e-01
 -6.89652e-01 -2.57216e-01 2.39174e-01 6.33257e-01
 -6.89584e-01 -2.57184e-01 2.39200e-01 6.33334e-01
 -6.89516e-01 -2.57153e-01 2.39226e-01 6.33411e-01
 -6.89448e-01 -2.57122e-01 2.39251e-01 6.33488e-01
 -6.89380e-01 -2.57091e-01 2.39277e-01 6.33565e-01
 -6.89311e-01 -2.57060e-01 2.39303e-01 6.33642e-01
 -6.89243e-01 -2.57029e-01 2.39329e-01 6.33719e-01
 -6.89175e-01 -2.56998e-01 2.39355e-01 6.33796e-01
 -6.89107e-01 -2.56966e-01 2.39380e-01 6.33873e-01
 -6.89039e-01 -2.56935e-01 2.39406e-01 6.33950e-01
 -6.88971e-01 -2.56904e-01 2.39432e-01 6.34027e-01
 -6.88902e-01 -2.56873e-01 2.39458e-01 6.34104e-01
 -6.88834e-01 -2.56842e-01 2.39483e-01 6.34181e-01
 -6.88766e-01 -2.56811e-01 2.39509e-01 6.34258e-01
 -6.88698e-01 -2.56779e-01 2.39535e-01 6.34335e-01
 -6.88629e-01 -2.56748e-01 2.39561e-01 6.34412e-01
 -6.88561e-01 -2.56717e-01 2.39587e-01 6.34489e-01
 -6.88493e-01 -2.56686e-01 2.39612e-01 6.34566e-01
 -6.88425e-01 -2.56655e-01 2.39638e-01 6.34643e-01
 -6.88356e-01 -2.56623e-01 2.39664e-01 6.34720e-01
 -6.88288e-01 -2.56592e-01 2.39690e-01 6.34797e-01
 -6.88220e-01 -2.56561e-01 2.39715e-01 6.34874e-01
 -6.88151e-01 -2.56530e-01 2.39741e-01 6.34951e-01
 -6.88083e-01 -2.56498e-01 2.39767e-01 6.35028e-01
 -6.88014e-01 -2.56467e-01 2.39793e-01 6.35105e-01
 -6.87946e-01 -2.56436e-01 2.39818e-01 6.35182e-01
 -6.87878e-01 -2.56405e-01 2.39844e-01 6.35259e-01
 -6.87809e-01 -2.56373e-01 2.39870e-01 6.35336e-01
 -6.87741e-01 -2.56342e-01 2.39896e-01 6.35413e-01
 -6.87672e-01 -2.56311e-01 2.39921e-01 6.35490e-01
 -6.87604e-01 -2.56280e-01 2.39947e-01 6.35567e-01
 -6.87535e-01 -2.56248e-01 2.39973e-01 6.35644e-01
 -6.87467e-01 -2.56217e-01 2.39999e-01 6.35721e-01
 -6.87398e-01 -2.56186e-01 2.40024e-01 6.35798e-01
 -6.87330e-01 -2.56154e-01 2.40050e-01 6.35875e-01
 -6.87261e-01 -2.56123e-01 2.40076e-01 6.35952e-01
 -6.87193e-01 -2.56092e-01 2.40101e-01 6.36029e-01
 -6.87124e-01 -2.56060e-01 2.40127e-01 6.36106e-01
 -6.87056e-01 -2.56029e-01 2.40153e-01 6.36183e-01
 -6.86987e-01 -2.55998e-01 2.40179e-01 6.36260e-01
 -6.86918e-01 -2.55966e-01 2.40204e-01 6.36337e-01
 -6.86850e-01 -2.55935e-01 2.40230e-01 6.36414e-01
 -6.86781e-01 -2.55904e-01 2.40256e-01 6.36491e-01
 -6.86713e-01 -2.55872e-01 2.40281e-01 6.36568e-01
 -6.86644e-01 -2.55841e-01 2.40307e-01 6.36645e-01
 -6.86575e-01 -2.55810e-01 2.40333e-01 6.36722e-01
 -6.86506e-01 -2.55778e-01 2.40359e-01 6.36798e-01
 -6.86438e-01 -2.55747e-01 2.40384e-01 6.36875e-01
 -6.86369e-01 -2.55715e-01 2.40410e-01 6.36952e-01
 -6.86300e-01 -2.55684e-01 2.40436e-01 6.37029e-01
 -6.86232e-01 -2.55653e-01 2.40461e-01 6.37106e-01
 -6.86163e-01 -2.55621e-01 2.40487e-01 6.37183e-01
 -6.86094e-01 -2.55590e-01 2.40513e-01 6.37260e-01
 -6.86025e-01 -2.55558e-01 2.40538e-01 6.37337e-01
 -6.85956e-01 -2.55527e-01 2.40564e-01 6.37414e-01
 -6.85888e-01 -2.55495e-01 2.40590e-01 6.37491e-01
 -6.85819e-01 -2.55464e-01 2.40615e-01 6.37568e-01
 -6.85750e-01 -2.55433e-01 2.40641e-01 6.37645e-01
 -6.85681e-01 -2.55401e-01 2.40667e-01 6.37722e-01
 -6.85612e-01 -2.55370e-01 2.40692e-01 6.37799e-01
 -6.85543e-01 -2.55338e-01 2.40718e-01 6.37876e-01
 -6.85474e-01 -2.55307e-01 2.40744e-01 6.37953e-01
 -6.85406e-01 -2.55275e-01 2.40770e-01 6.38030e-01
 -6.85337e-01 -2.55244e-01 2.40795e-01 6.38107e-01
 -6.85268e-01 -2.55212e-01 2.40821e-01 6.38184e-01
 -6.85199e-01 -2.55181e-01 2.40846e-01 6.38261e-01
 -6.85130e-01 -2.55149e-01 2.40872e-01 6.38338e-01
 -6.85061e-01 -2.55118e-01 2.40898e-01 6.38415e-01
 -6.84992e-01 -2.55086e-01 2.40923e-01 6.38492e-01
 -6.84923e-01 -2.55055e-01 2.40949e-01 6.38569e-01
 -6.84854e-01 -2.55023e-01 2.40975e-01 6.38645e-01
 -6.84785e-01 -2.54992e-01 2.41000e-01 6.38722e-01
 -6.84716e-01 -2.54960e-01 2.41026e-01 6.38799e-01
 -6.84646e-01 -2.54928e-01 2.41052e-01 6.38876e-01
 -6.84577e-01 -2.54897e-01 2.41077e-01 6.38953e-01
 -6.84508e-01 -2.54865e-01 2.41103e-01 6.39030e-01
 -6.84439e-01 -2.54834e-01 2.41129e-01 6.39107e-01
 -6.84370e-01 -2.54802e-01 2.41154e-01 6.39184e-01
 -6.84301e-01 -2.54771e-01 2.41180e-01 6.39261e-01
 -6.84232e-01 -2.54739e-01 2.41206e-01 6.39338e-01
 -6.84163e-01 -2.54707e-01 2.41231e-01 6.39415e-01
 -6.84093e-01 -2.54676e-01 2.41257e-01 6.39492e-01
 -6.84024e-01 -2.54644e-01 2.41282e-01 6.39569e-01
 -6.83955e-01 -2.54613e-01 2.41308e-01 6.39646e-01
 -6.83886e-01 -2.54581e-01 2.41334e-01 6.39723e-01
 -6.83817e-01 -2.54549e-01 2.41359e-01 6.39800e-01
 -6.83747e-01 -2.54518e-01 2.41385e-01 6.39876e-01
 -6.83678e-01 -2.54486e-01 2.41410e-01 6.39953e-01
 -6.83609e-01 -2.54454e-01 2.41436e-01 6.40030e-01
 -6.83539e-01 -2.54423e-01 2.41462e-01 6.40107e-01
 -6.83470e-01 -2.54391e-01 2.41487e-01 6.40184e-01
 -6.83401e-01 -2.54360e-01 2.41513e-01 6.40261e-01
 -6.83331e-01 -2.54328e-01 2.41539e-01 6.40338e-01
 -6.83262e-01 -2.54296e-01 2.41564e-01 6.40415e-01
 -6.83193e-01 -2.54265e-01 2.41590e-01 6.40492e-01
 -6.83123e-01 -2.54233e-01 2.41615e-01 6.40569e-01
 -6.83054e-01 -2.54201e-01 2.41641e-01 6.40646e-01
 -6.82985e-01 -2.54169e-01 2.41666e-01 6.40723e-01
 -6.82915e-01 -2.54138e-01 2.41692e-01 6.40800e-01
 -6.82846e-01 -2.54106e-01 2.41718e-01 6.40876e-01
 -6.82776e-01 -2.54074e-01 2.41743e-01 6.40953e-01
 -6.82707e-01 -2.54043e-01 2.41769e-01 6.41030e-01
 -6.82637e-01 -2.54011e-01 2.41794e-01 6.41107e-01
 -6.82568e-01 -2.53979e-01 2.41820e-01 6.41184e-01
 -6.82498e-01 -2.53947e-01 2.41846e-01 6.41261e-01
 -6.82429e-01 -2.53916e-01 2.41871e-01 6.41338e-01
 -6.82359e-01 -2.53884e-01 2.41897e-01 6.41415e-01
 -6.82290e-01 -2.53852e-01 2.41922e-01 6.41492e-01
 -6.82220e-01 -2.53820e-01 2.41948e-01 6.41569e-01
 -6.82151e-01 -2.53789e-01 2.41973e-01 6.41646e-01
 -6.82081e-01 -2.53757e-01 2.41999e-01 6.41722e-01
 -6.82011e-01 -2.53725e-01 2.42024e-01 6.41799e-01
 -6.81942e-01 -2.53693e-01 2.42050e-01 6.41876e-01
 -6.81872e-01 -2.53661e-01 2.42076e-01 6.41953e-01
 -6.81803e-01 -2.53630e-01 2.42101e-01 6.42030e-01
 -6.81733e-01 -2.53598e-01 2.42127e-01 6.42107e-01
 -6.81663e-01 -2.53566e-01 2.42152e-01 6.42184e-01
 -6.81593e-01 -2.53534e-01 2.42178e-01 6.42261e-01
 -6.81524e-01 -2.53502e-01 2.42203e-01 6.42338e-01
 -6.81454e-01 -2.53471e-01 2.42229e-01 6.42414e-01
 -6.81384e-01 -2.53439e-01 2.42254e-01 6.42491e-01
 -6.81315e-01 -2.53407e-01 2.42280e-01 6.42568e-01
 -6.81245e-01 -2.53375e-01 2.42305e-01 6.42645e-01
 -6.81175e-01 -2.53343e-01 2.42331e-01 6.42722e-01
 -6.81105e-01 -2.53311e-01 2.42357e-01 6.42799e-01
 -6.81035e-01 -2.53279e-01 2.42382e-01 6.42876e-01
 -6.80966e-01 -2.53248e-01 2.42408e-01 6.42953e-01
 -6.80896e-01 -2.53216e-01 2.42433e-01 6.43030e-01
 -6.80826e-01 -2.53184e-01 2.42459e-01 6.43106e-01
 -6.80756e-01 -2.53152e-01 2.42484e-01 6.43183e-01
 -6.80686e-01 -2.53120e-01 2.42510e-01 6.43260e-01
 -6.80616e-01 -2.53088e-01 2.42535e-01 6.43337e-01
 -6.80546e-01 -2.53056e-01 2.42561e-01 6.43414e-01
 -6.80477e-01 -2.53024e-01 2.42586e-01 6.43491e-01
 -6.80407e-01 -2.52992e-01 2.42612e-01 6.43568e-01
 -6.80337e-01 -2.52960e-01 2.42637e-01 6.43645e-01
 -6.80267e-01 -2.52929e-01 2.42663e-01 6.43721e-01
 -6.80197e-01 -2.52897e-01 2.42688e-01 6.43798e-01
 -6.80127e-01 -2.52865e-01 2.42714e-01 6.43875e-01
 -6.80057e-01 -2.52833e-01 2.42739e-01 6.43952e-01
 -6.79987e-01 -2.52801e-01 2.42765e-01 6.44029e-01
 -6.79917e-01 -2.52769e-01 2.42790e-01 6.44106e-01
 -6.79847e-01 -2.52737e-01 2.42816e-01 6.44183e-01
 -6.79777e-01 -2.52705e-01 2.42841e-01 6.44259e-01
 -6.79707e-01 -2.52673e-01 2.42867e-01 6.44336e-01
 -6.79637e-01 -2.52641e-01 2.42892e-01 6.44413e-01
 -6.79566e-01 -2.52609e-01 2.42918e-01 6.44490e-01
 -6.79496e-01 -2.52577e-01 2.42943e-01 6.44567e-01
 -6.79426e-01 -2.52545e-01 2.42969e-01 6.44644e-01
 -6.79356e-01 -2.52513e-01 2.42994e-01 6.44721e-01
 -6.79286e-01 -2.52481e-01 2.43020e-01 6.44797e-01
 -6.79216e-01 -2.52449e-01 2.43045e-01 6.44874e-01
 -6.79146e-01 -2.52417e-01 2.43070e-01 6.44951e-01
 -6.79075e-01 -2.52385e-01 2.43096e-01 6.45028e-01
 -6.79005e-01 -2.52353e-01 2.43121e-01 6.45105e-01
 -6.78935e-01 -2.52321e-01 2.43147e-01 6.45182e-01
 -6.78865e-01 -2.52289e-01 2.43172e-01 6.45258e-01
 -6.78795e-01 -2.52257e-01 2.43198e-01 6.45335e-01
 -6.78724e-01 -2.52224e-01 2.43223e-01 6.45412e-01
 -6.78654e-01 -2.52192e-01 2.43249e-01 6.45489e-01
 -6.78584e-01 -2.52160e-01 2.43274e-01 6.45566e-01
 -6.78513e-01 -2.52128e-01 2.43300e-01 6.45643e-01
 -6.78443e-01 -2.52096e-01 2.43325e-01 6.45720e-01
 -6.78373e-01 -2.52064e-01 2.43350e-01 6.45796e-01
 -6.78302e-01 -2.52032e-01 2.43376e-01 6.45873e-01
 -6.78232e-01 -2.52000e-01 2.43401e-01 6.45950e-01
 -6.78162e-01 -2.51968e-01 2.43427e-01 6.46027e-01
 -6.78091e-01 -2.51936e-01 2.43452e-01 6.46104e-01
 -6.78021e-01 -2.51903e-01 2.43478e-01 6.46180e-01
 -6.77950e-01 -2.51871e-01 2.43503e-01 6.46257e-01
 -6.77880e-01 -2.51839e-01 2.43528e-01 6.46334e-01
 -6.77810e-01 -2.51807e-01 2.43554e-01 6.46411e-01
 -6.77739e-01 -2.51775e-01 2.43579e-01 6.46488e-01
 -6.77669e-01 -2.51743e-01 2.43605e-01 6.46565e-01
 -6.77598e-01 -2.51711e-01 2.43630e-01 6.46641e-01
 -6.77528e-01 -2.51678e-01 2.43656e-01 6.46718e-01
 -6.77457e-01 -2.51646e-01 2.43681e-01 6.46795e-01
 -6.77387e-01 -2.51614e-01 2.43706e-01 6.46872e-01
 -6.77316e-01 -2.51582e-01 2.43732e-01 6.46949e-01
 -6.77246e-01 -2.51550e-01 2.43757e-01 6.47025e-01
 -6.77175e-01 -2.51517e-01 2.43783e-01 6.47102e-01
 -6.77104e-01 -2.51485e-01 2.43808e-01 6.47179e-01
 -6.77034e-01 -2.51453e-01 2.43833e-01 6.47256e-01
 -6.76963e-01 -2.51421e-01 2.43859e-01 6.47333e-01
 -6.76893e-01 -2.51389e-01 2.43884e-01 6.47409e-01
 -6.76822e-01 -2.51356e-01 2.43910e-01 6.47486e-01
 -6.76751e-01 -2.51324e-01 2.43935e-01 6.47563e-01
 -6.76681e-01 -2.51292e-01 2.43960e-01 6.47640e-01
 -6.76610e-01 -2.51260e-01 2.43986e-01 6.47717e-01
 -6.76539e-01 -2.51227e-01 2.44011e-01 6.47793e-01
 -6.76469e-01 -2.51195e-01 2.44036e-01 6.47870e-01
 -6.76398e-01 -2.51163e-01 2.44062e-01 6.47947e-01
 -6.76327e-01 -2.51131e-01 2.44087e-01 6.48024e-01
 -6.76256e-01 -2.51098e-01 2.44113e-01 6.48101e-01
 -6.76186e-01 -2.51066e-01 2.44138e-01 6.48177e-01
 -6.76115e-01 -2.51034e-01 2.44163e-01 6.48254e-01
 -6.76044e-01 -2.51001e-01 2.44189e-01 6.48331e-01
 -6.75973e-01 -2.50969e-01 2.44214e-01 6.48408e-01
 -6.75902e-01 -2.50937e-01 2.44239e-01 6.48484e-01
 -6.75832e-01 -2.50905e-01 2.44265e-01 6.48561e-01
 -6.75761e-01 -2.50872e-01 2.44290e-01 6.48638e-01
 -6.75690e-01 -2.50840e-01 2.44315e-01 6.48715e-01
 -6.75619e-01 -2.50808e-01 2.44341e-01 6.48791e-01
 -6.75548e-01 -2.50775e-01 2.44366e-01 6.48868e-01
 -6.75477e-01 -2.50743e-01 2.44391e-01 6.48945e-01
 -6.75406e-01 -2.50710e-01 2.44417e-01 6.49022e-01
 -6.75335e-01 -2.50678e-01 2.44442e-01 6.49099e-01
 -6.75264e-01 -2.50646e-01 2.44468e-01 6.49175e-01
 -6.75193e-01 -2.50613e-01 2.44493e-01 6.49252e-01
 -6.75122e-01 -2.50581e-01 2.44518e-01 6.49329e-01
 -6.75051e-01 -2.50549e-01 2.44544e-01 6.49406e-01
 -6.74980e-01 -2.50516e-01 2.44569e-01 6.49482e-01
 -6.74909e-01 -2.50484e-01 2.44594e-01 6.49559e-01
 -6.74838e-01 -2.50451e-01 2.44620e-01 6.49636e-01
 -6.74767e-01 -2.50419e-01 2.44645e-01 6.49713e-01
 -6.74696e-01 -2.50387e-01 2.44670e-01 6.49789e-01
 -6.74625e-01 -2.50354e-01 2.44695e-01 6.49866e-01
 -6.74554e-01 -2.50322e-01 2.44721e-01 6.49943e-01
 -6.74483e-01 -2.50289e-01 2.44746e-01 6.50020e-01
 -6.74412e-01 -2.50257e-01 2.44771e-01 6.50096e-01
 -6.74341e-01 -2.50225e-01 2.44797e-01 6.50173e-01
 -6.74270e-01 -2.50192e-01 2.44822e-01 6.50250e-01
 -6.74198e-01 -2.50160e-01 2.44847e-01 6.50326e-01
 -6.74127e-01 -2.50127e-01 2.44873e-01 6.50403e-01
 -6.74056e-01 -2.50095e-01 2.44898e-01 6.50480e-01
 -6.73985e-01 -2.50062e-01 2.44923e-01 6.50557e-01
 -6.73914e-01 -2.50030e-01 2.44949e-01 6.50633e-01
 -6.73842e-01 -2.49997e-01 2.44974e-01 6.50710e-01
 -6.73771e-01 -2.49965e-01 2.44999e-01 6.50787e-01
 -6.73700e-01 -2.49932e-01 2.45024e-01 6.50864e-01
 -6.73629e-01 -2.49900e-01 2.45050e-01 6.50940e-01
 -6.73557e-01 -2.49867e-01 2.45075e-01 6.51017e-01
 -6.73486e-01 -2.49835e-01 2.45100e-01 6.51094e-01
 -6.73415e-01 -2.49802e-01 2.45126e-01 6.51170e-01
 -6.73344e-01 -2.49770e-01 2.45151e-01 6.51247e-01
 -6.73272e-01 -2.49737e-01 2.45176e-01 6.51324e-01
 -6.73201e-01 -2.49705e-01 2.45201e-01 6.51401e-01
 -6.73129e-01 -2.49672e-01 2.45227e-01 6.51477e-01
 -6.73058e-01 -2.49640e-01 2.45252e-01 6.51554e-01
 -6.72987e-01 -2.49607e-01 2.45277e-01 6.51631e-01
 -6.72915e-01 -2.49574e-01 2.45302e-01 6.51707e-01
 -6.72844e-01 -2.49542e-01 2.45328e-01 6.51784e-01
 -6.72772e-01 -2.49509e-01 2.45353e-01 6.51861e-01
 -6.72701e-01 -2.49477e-01 2.45378e-01 6.51937e-01
 -6.72630e-01 -2.49444e-01 2.45403e-01 6.52014e-01
 -6.72558e-01 -2.49412e-01 2.45429e-01 6.52091e-01


SCAN_DURATION 9.87562e+01

NUMBER_OF_INT_TIMES 9
INT_TIMES
 1 -5.16686e+01 4.90674e-03
 2238 -4.06923e+01 4.80008e-03
 4606 -2.93258e+01 4.69342e-03
 7102 -1.76111e+01 4.58676e-03
 9790 -5.28205e+00 4.48010e-03
 12542 7.04710e+00 4.37344e-03
 15486 1.99224e+01 4.26679e-03
 18558 3.30299e+01 4.16013e-03
 21822 4.66084e+01 4.05347e-03

ALONG_SCAN_PIXEL_SIZE  7.00000e-03
CROSS_SCAN_PIXEL_SIZE  7.00000e-03

CENTER_GP 8.90145e-02 -8.17809e-01 0.00000e+00
SENSOR_POSITION 8.85576e-02 -8.21886e-01 4.49624e+05
MOUNTING_ANGLES 0.00000e+00 0.00000e+00 0.00000e+00

TOTAL_LINES 21939
TOTAL_SAMPLES 5176




IKCODE  -41215
ISIS_Z_DIRECTION  1.00000e+00
OPTICAL_DIST_COEF 0.00000e+00 0.00000e+00 0.00000e+00
ITRANSS 4.83755e+00 -1.42857e+02 -8.57704e-03
ITRANSL 7.85714e-01 -8.57704e-03 1.42857e+02
DETECTOR_SAMPLE_ORIGIN 2.59250e+03
DETECTOR_LINE_ORIGIN 0.00000e+00
DETECTOR_LINE_OFFSET  0.00000e+00
DETECTOR_SAMPLE_SUMMING  1.00000e+00
STARTING_SAMPLE 1.00000e+00
STARTING_LINE 1.00000e+00
STARTING_EPHEMERIS_TIME 1.49781e+08
CENTER_EPHEMERIS_TIME 1.49781e+08
